scrp_date,scrp_time,genre_en,genre_jp,rank,media_jp,title,link,date_original
2025-01-17,23:06,business,経済,1,乗りものニュース,日本海軍で「最も活躍した戦艦」とは 最強の大和ではない!? 老艦なのに活躍できたワケは,https://news.yahoo.co.jp/articles/5ab6edf8bf5d53091effb5bb63f684b10429dd8c,1/17(金) 18:12
2025-01-17,23:06,business,経済,2,時事通信,初任給36万円に引き上げ,https://news.yahoo.co.jp/articles/ad7756f07655ef6a531311b947ca38813a966653,1/16(木) 20:00
2025-01-17,23:06,business,経済,3,VAGUE,いま人気が再燃中の寝台特急サンライズ瀬戸／出雲　B寝台「シングル」と「ソロ」はどこが違う？ “1100円の差”をどう考える？,https://news.yahoo.co.jp/articles/bf7349624cc603c25b7754e5ebc74f1e0269809f,1/17(金) 21:10
2025-01-17,23:06,business,経済,4,税理士ドットコム,【2025年最新】定額減税への対応も！今年の確定申告で抑えておくべき3つの変更点を解説,https://news.yahoo.co.jp/articles/d96581d9d12490fd7687a68e6fe3aee0f12cdeae,1/16(木) 11:31
2025-01-17,23:06,business,経済,5,共同通信,日産、国内人員も削減,https://news.yahoo.co.jp/articles/fbd3cde289b3068e4bfc3b1795ac50726fbdceb2,1/17(金) 18:55
2025-01-17,23:06,business,経済,6,共同通信,日産、統合見据え国内人員も削減　4月に役員体制縮小、スリム化,https://news.yahoo.co.jp/articles/af4f56edf60a0c71334cf2fe38cacf0664c3337d,1/17(金) 19:45
2025-01-17,23:06,business,経済,7,くるまのニュース,ホンダが人事戦略を発表！ 定年廃止や人材投資5年150億円を明らかに！ 部長職は200-300万円の年収引き上げも!? ホンダの「人間尊重」とは,https://news.yahoo.co.jp/articles/eb42e64378d963ee72e17bf94d6a10bc30a5947f,1/17(金) 14:30
2025-01-17,23:06,business,経済,8,乗りものニュース,「日本一デカい交差点」2月ついに立体交差化！ さらに巨大な「計16車線」一体どーなる？,https://news.yahoo.co.jp/articles/f46542b8964d71e6aef30c1bfa3a608f5ac201c4,1/17(金) 8:12
2025-01-17,23:06,business,経済,9,くるまのニュース,「知らないなら“免許返納”を…」 道路の「謎の斜線ゾーン」意味は？「講習で教わらなかった？」の声も…停車は違反じゃない？ 元警察官が解説,https://news.yahoo.co.jp/articles/d50e7427764da8c71fde2d70fba326b8cb8ca99e,1/17(金) 9:10
2025-01-17,23:06,business,経済,10,くるまのニュース,全長4m！ スズキ新型「“高級”コンパクトSUV フロンクス」どんな人が買ってる？ 「輸入車オーナー」「20代」も支持？ クーペボディ×「豪華インテリア」に高評価！ 購入層の特徴は？,https://news.yahoo.co.jp/articles/d8b1d2c83a02964dc64b2e8e3ae76e06ee251dbd,1/17(金) 22:10
2025-01-17,23:06,business,経済,11,Impress Watch,大洗～苫小牧の深夜フェリーに新船「かむい」　船室はすべて個室,https://news.yahoo.co.jp/articles/f6c4a4a03c30950ee0205a09633a85f5b3c27bae,1/17(金) 20:00
2025-01-17,23:06,business,経済,12,ファイナンシャルフィールド,長距離移動が多いので、フロントガラスに「スマホホルダー」を付けてナビを利用しています。友人に「違反にならない？」と言われましたが、大丈夫ですよね…？,https://news.yahoo.co.jp/articles/e03d4d72c6442db212de7a1e7b5e192be9c8a33b,1/17(金) 11:40
2025-01-17,23:06,business,経済,13,LIMO,【60歳代と70歳代】うらやましい「貯蓄3000万円以上」の世帯は何割？老後に向けて今からできる資産形成,https://news.yahoo.co.jp/articles/a45b62723cd75a549d5fb76084fcdee7e6d63676,1/17(金) 14:17
2025-01-17,23:06,business,経済,14,ファイナンシャルフィールド,2024年の「冬のボーナス」が前年よりも増加した企業の割合は？物価高のなか、企業がボーナスを上げる理由とは？,https://news.yahoo.co.jp/articles/e43d3034e9f887aa0ee0ef139aaeaae64fce4762,1/15(水) 18:30
2025-01-17,23:06,business,経済,15,TBS NEWS DIG Powered by JNN,ホンダ　一部従業員の定年制度を廃止,https://news.yahoo.co.jp/articles/bafce94890457ff781ca9fc76f37851d344c0423,1/17(金) 14:50
2025-01-17,23:06,business,経済,16,ファイナンシャルフィールド,「住宅ローン」の金利が上がる⁉「35年ローン」の場合、金利が「1％」上がると「返済総額」はいくら高くなりますか？,https://news.yahoo.co.jp/articles/41dfd785c230cd9884e454af59d8c05009cd8141,1/17(金) 14:30
2025-01-17,23:06,business,経済,17,ファイナンシャルフィールド,ガソリンスタンドで「タイヤ4本4万円」を見かけましたが、安すぎて不安です。カー用品店と比べて、安全性に問題はないのでしょうか？,https://news.yahoo.co.jp/articles/0df2e22decc07e6c7bd9a8554f118f1275207481,1/17(金) 18:30
2025-01-17,23:06,business,経済,18,ABEMA TIMES,「Nintendo Switch 2」注目はコントローラー『Joy-Con』の変更点 “光学センサー”でマウスのように使う？ スペック・価格はどうなる？…専門家に聞く“進化ポイント”,https://news.yahoo.co.jp/articles/c068e0db809d82e8a7cd6e046129f56cea3f9be5,1/17(金) 13:32
2025-01-17,23:06,business,経済,19,LIMO,【還暦】もうすぐ老後「60歳代の貯蓄額」平均と中央値はいくら？国民年金と厚生年金の平均受給額も要チェック,https://news.yahoo.co.jp/articles/2e0963bc294ff16dece32f83e80c2c490524e975,1/17(金) 5:02
2025-01-17,23:06,business,経済,20,ファイナンシャルフィールド,個人事業主をしていますが、売り上げや経費などの帳簿をつけていません…。確定申告の申告期限に間に合う気がしないのですが、遅れるとどうなるのでしょうか？,https://news.yahoo.co.jp/articles/baf4e959a948f1f372bf9d424412c6d9b5f49f72,1/16(木) 16:30
2025-01-17,23:06,business,経済,21,Aviation Wire,JALラウンジのビーフカレー、JR品川駅に初登場　1/20から,https://news.yahoo.co.jp/articles/d38f00f1be9c676b4948a5b4d6b36ec3e1fa6548,1/17(金) 21:06
2025-01-17,23:06,business,経済,22,時事通信,大樹生命、職員が金銭詐取　契約者から、数千万円の可能性,https://news.yahoo.co.jp/articles/28e4d32d0265b384790a8054e19a4b24bf8bee3c,1/17(金) 19:52
2025-01-17,23:06,business,経済,23,くるまのニュース,スバル「クロストレック ストロングハイブリッド STIパフォーマンス」実車公開！ “センター2本出しマフラー”搭載のスポーティカスタムとは？,https://news.yahoo.co.jp/articles/7689e2f3506cdebffff8f4ed0be2f46fb72cdce7,1/17(金) 21:10
2025-01-17,23:06,business,経済,24,時事通信,ニデック、TOB延期拒否,https://news.yahoo.co.jp/articles/c7c3af9e8b0af6c4cf7012df2019759e53a2d5cf,1/17(金) 22:29
2025-01-17,23:06,business,経済,25,TBS NEWS DIG Powered by JNN,【冒頭全文】「直後に認識」中居正広さん“女性トラブル”  フジテレビ港浩一社長が会見　「だれかtoなかい」終了のタイミングは「憶測を懸念し慎重に計った」,https://news.yahoo.co.jp/articles/aaa5211fa270f59ad7fb8255943f6eedfc0d2a01,1/17(金) 20:54
2025-01-17,23:06,business,経済,26,日刊ゲンダイDIGITAL,萩生田光一氏ニタリ？自民党東京都連の裏金疑惑から「逃げ切り」の公算…都議会自民は会計担当職員を立件へ,https://news.yahoo.co.jp/articles/eb0744e2beaa4f3090ea3ee599bf451f3ca23f2c,1/15(水) 16:03
2025-01-17,23:06,business,経済,27,くるまのニュース,「やめて…逆走自転車」 何でもアリじゃないのに…無法地帯状態!? 取り締まり強化も違反行為跡を絶たず！ 道交法での扱いは？,https://news.yahoo.co.jp/articles/d7391aef698d7f3aeb6b0240f003939e1cbe2600,1/17(金) 16:40
2025-01-17,23:06,business,経済,28,みんかぶマガジン,1リッター50円以上の税金がかかるガソリン価格が補助金終了で高騰！悲鳴を上げる国民に政府は…宮沢氏が10年前に仕掛けた「ガソリン価格高止まりと安定供給」,https://news.yahoo.co.jp/articles/c39879a689b118d577e66e920cbcb35a8a710db3,1/16(木) 9:10
2025-01-17,23:06,business,経済,29,共同通信,日銀、追加利上げ検討,https://news.yahoo.co.jp/articles/7304980fd59eb5a1943b32bbf1ad8c06850761d4,1/17(金) 18:19
2025-01-17,23:06,business,経済,30,読売新聞オンライン,差別是正の目標廃止・縮小、米企業で「多様性」見直す動き…トランプ新政権への政治的配慮か,https://news.yahoo.co.jp/articles/dfe055d33ac1760ee9496e30a4209f8d750f519e,1/17(金) 7:33
2025-01-17,23:06,business,経済,31,Bloomberg,任天堂株大幅反落、サプライズなし－スイッチ後継機年内発売公表,https://news.yahoo.co.jp/articles/074342fd9082443df36bfc979db898a2682d9cbe,1/16(木) 22:10
2025-01-17,23:06,business,経済,32,みんかぶマガジン,「そもそも、USスチールの買収計画が無謀すぎる」国際政治アナリスト「あまりにも日本製鉄は米国の空気が読めていない」…トランプが就任後に覆すインセンティブなし,https://news.yahoo.co.jp/articles/9a2d6fb0cb4ceb55bc29cdca7df0e759a54d0eb8,1/17(金) 9:10
2025-01-17,23:06,business,経済,33,みんかぶマガジン,石破総理に聞いた「ムダ遣いを止めずに増税や赤字国債を優先する理由」減税は現実無視か,https://news.yahoo.co.jp/articles/27b27782a15a97ca765b01a38c179192ebbad885,1/17(金) 17:10
2025-01-17,23:06,business,経済,34,くるまのニュース,450万円の「“ミニ”NSX」!? 軽規格超えの“ホンダS660”「miNiSX660」初公開！ パカッと開かない方式で「リトラ」も完全再現なWONDERの「カスタムモデル」登場,https://news.yahoo.co.jp/articles/7cf6a3afe3ab0f3a9d0245d21541d70753062a7c,1/17(金) 6:40
2025-01-17,23:06,business,経済,35,朝日新聞デジタル,物価が1年前より「かなり上がった」69％　過去最高、日銀調査で,https://news.yahoo.co.jp/articles/3b37eacda4130a67cf881bd39af7445c7af1cb46,1/17(金) 17:13
2025-01-17,23:06,business,経済,36,共同通信,主要企業、冬のボーナス過去最高　89万1460円、賃上げ反映か,https://news.yahoo.co.jp/articles/96233fcbc2ff17e4ea51d36ebc4952412679b79a,1/17(金) 19:46
2025-01-17,23:06,business,経済,37,朝日新聞デジタル,日銀、利上げの公算大　賃上げの流れ評価、トランプ氏演説で最終判断,https://news.yahoo.co.jp/articles/6d4d8bd00a6cd99039198bfd32a024237330a27d,1/17(金) 21:35
2025-01-17,23:06,business,経済,38,レスポンス,「土屋さんが韓国車を監修する日が来るとは」ヒョンデ『アイオニック5 N DK Edition』に日本の自動車ファンも大注目,https://news.yahoo.co.jp/articles/e822ed6356ad0ee7a51f9177824eac4841ec3243,1/17(金) 20:00
2025-01-17,23:06,business,経済,39,ロイター,エヌビディアＣＥＯ、米大統領就任式を欠席　「社員と新年祝賀」,https://news.yahoo.co.jp/articles/9dc31a8c0fa5cb4b8efabb7ac9a3c76b1e126ffc,1/17(金) 20:45
2025-01-17,23:06,business,経済,40,鉄道コム,東急、「新空港線」建設に向け国に営業構想の認定を申請　東横線との直通運転も想定,https://news.yahoo.co.jp/articles/49141cf5436c50ae410a573f9b2c83c491eac16f,1/17(金) 17:09
