scrp_date,scrp_time,genre_en,genre_jp,rank,media_jp,title,link,date_original
2024-12-07,01:07,life,ライフ,1,ねとらぼ,“1K8畳”の新居を一人暮らし男子が模様替え→“ホテル”みたいに大変身する様子に「シャレオツ」「センスよー！」と称賛　投稿者に話を聞いた,https://news.yahoo.co.jp/articles/05780d5434db45939c842b0de76f29cca267a06a,12/6(金) 21:10
2024-12-07,01:07,life,ライフ,2,MBSニュース,寒い日の風呂に注意！浴室のヒートショック防ぐ4つのポイント「お湯はりは浴室を暖めて」「入浴は41℃以下、10分以内」都道府県別、入浴中の心肺停止発生順は？,https://news.yahoo.co.jp/articles/aaba678a3be186050a4f795ad256c168e9e261e4,12/6(金) 16:41
2024-12-07,01:07,life,ライフ,3,ほ・とせなNEWS,平成7年に生まれた双子…その29年後の姿に「漫画みたい」「素敵すぎる」,https://news.yahoo.co.jp/articles/070c36f19cee588f72d1828698568202e398ed6d,12/5(木) 6:30
2024-12-07,01:07,life,ライフ,4,ねとらぼ,ユニバで偶然出会った2人→紆余曲折を経て、5年後……　まさかまさかの“現在”に「素敵すぎて何回もみました」,https://news.yahoo.co.jp/articles/66895ecc61194b6b54974140c9b3ddd3833e5bfc,12/6(金) 21:00
2024-12-07,01:07,life,ライフ,5,ねとらぼ,ビオトープを作って4カ月後の現在、“あの生物”が大量発生し……　「いいないいなー！！素敵だな」「すごい…」と驚きと感心の声,https://news.yahoo.co.jp/articles/3aa6920581c4d55d46fee4602c16dca2a8314803,12/6(金) 22:30
2024-12-07,01:07,life,ライフ,6,ねとらぼ,その手があったか！　物で散らかる部屋が“穴を空けない壁面収納DIY”でオシャレに大変身　「いゃ～お見事！」「とても良いアイデア」,https://news.yahoo.co.jp/articles/28785cce780cc0d949c354240fbd90cf81f8795e,12/6(金) 21:30
2024-12-07,01:07,life,ライフ,7,ねとらぼ,姉の勧めで“初めて美容室”へ行った弟が……　驚きのビフォーアフターでイメチェン大成功　「イケメン誕生」「え、まじで誰？」,https://news.yahoo.co.jp/articles/e4cb856743e6d7a06be4dcc36bad8ac1159ccc40,12/6(金) 20:15
2024-12-07,01:07,life,ライフ,8,毎日新聞,中国人留学生の入学阻害?　東京大学大学院サイトに閲覧しにくい細工,https://news.yahoo.co.jp/articles/e83c8efa1aa7fd31270825a084a538f2b5b951a4,12/6(金) 20:03
2024-12-07,01:07,life,ライフ,9,LASISA,【ランキング】主役より存在感！？脇役でも演技が光る《人気女優》といえば？3位：吉田羊、2位：木村多江…1位は？？ドラマに欠かせない存在,https://news.yahoo.co.jp/articles/731efda736b26165bedfbb1216d9519375d2d53e,12/6(金) 20:40
2024-12-07,01:07,life,ライフ,10,ねとらぼ,「横になってたら首に重みが」　恐る恐るカメラで見てみると……　“まさかの原因”に4.9万いいね「うらやまー！」,https://news.yahoo.co.jp/articles/4f2e91fde3e7ee5447913cee67768d6412b36d59,12/6(金) 19:00
2024-12-07,01:07,life,ライフ,11,All About,フランス人に「前髪」「ショートヘア」の女性が少ない意外な理由。日本人の髪形はどう思われている？,https://news.yahoo.co.jp/articles/5cd0cd70a4d6402f569dcb8a9f4b1d00b4e1b654,12/3(火) 21:25
2024-12-07,01:07,life,ライフ,12,OTONA SALONE,会議中に突然激しいめまい。救急車で運ばれた47歳女性、その原因は、まさかの...?!【女性の不調】,https://news.yahoo.co.jp/articles/8db93eb93f7e6aef12e25abaf5a085e3fd1322fe,12/6(金) 21:10
2024-12-07,01:07,life,ライフ,13,ねとらぼ,「東京ラーメン」の老舗名店を紹介！　一番うまいと思う店はどこ？,https://news.yahoo.co.jp/articles/aaad671e321023b4743fe77f3738333d29feb134,12/6(金) 22:50
2024-12-07,01:07,life,ライフ,14,共同通信,俳優、歌手の中山美穂さん死亡　都内の自宅で発見、54歳,https://news.yahoo.co.jp/articles/44c03bdb74d9fe35717aafa7aaa5a1093b3c89b2,12/6(金) 15:11
2024-12-07,01:07,life,ライフ,15,LIMO,しまむらで「ちいかわハンカチ」の予約開始！あの「下剋上ゲーム」デザインも登場！全4種税別490円,https://news.yahoo.co.jp/articles/081c1cc81981bddcccf4a125d201d46662a5ea27,12/6(金) 20:32
2024-12-07,01:07,life,ライフ,16,LIMO,【ワークマン】〈着るポンチョ〉が着る毛布並みの暖かさ。軽くて持ち運べる《購入レビュー696件》,https://news.yahoo.co.jp/articles/57fd4ac11ab14a01e70c1c15a594de261a154eca,12/6(金) 12:47
2024-12-07,01:07,life,ライフ,17,All About,あのシャトレーゼがホテルも運営！ 宿泊者限定のスイーツサービスが充実しすぎ,https://news.yahoo.co.jp/articles/5178803bcafb26d8e1e5a0fae41619094df6a652,12/6(金) 21:15
2024-12-07,01:07,life,ライフ,18,ねとらぼ,友達が撮るとおしゃれな1枚→父が撮ると……　“別人級の仕上がり”に「笑ったww」「ちゃんと娘っぽくしてるw」,https://news.yahoo.co.jp/articles/c7824866ea857c9db19508028a5673e574f9b96e,12/2(月) 7:30
2024-12-07,01:07,life,ライフ,19,LIMO,政令指定都市の中で、一番人口が少ない市はどこ？　気になる正解率は20％だった,https://news.yahoo.co.jp/articles/13e6c14adbfd50ce641b714fc1395e4704472235,12/6(金) 11:41
2024-12-07,01:07,life,ライフ,20,Medical DOC,風呂場で起きやすい「ヒートショック」になりやすい人の特徴はご存知ですか？【医師解説】,https://news.yahoo.co.jp/articles/36426388981bef43a8d652c521080639193249e5,12/6(金) 18:20
2024-12-07,01:07,life,ライフ,21,Medical DOC,「ワキガ」になりやすい人の特徴はご存じですか? 見直すべき生活習慣や治療法も医師が解説!,https://news.yahoo.co.jp/articles/9dcfe5d22853a82fee361e727a0865c722126b9c,12/6(金) 20:03
2024-12-07,01:07,life,ライフ,22,ねとらぼ,「絵ってほんと面白い」　ベージュに見えるイラストの色→　実は……？　「なんで!?」「めっちゃすごいぞ！」,https://news.yahoo.co.jp/articles/efae9522dce8ac84e8ca5b992fb591c2564c449d,12/6(金) 20:40
2024-12-07,01:07,life,ライフ,23,All About,韓国の戒厳令、尹大統領はなぜ突然「乱心」したのか。野党だけではない、北朝鮮とアメリカからの影響,https://news.yahoo.co.jp/articles/cac28bac9c6237ba21cc488538735fa635c3b840,12/6(金) 21:25
2024-12-07,01:07,life,ライフ,24,BuzzFeed Japan,【ハニーズ】家でも外でもこれ着てたい！風を通しにくい「2980円パンツ」はいた瞬間からポカポカ暖かいんです《着用レビュー》,https://news.yahoo.co.jp/articles/d14e5c4e7e61beca31bb0b929975d3d4bece40b7,12/6(金) 18:05
2024-12-07,01:07,life,ライフ,25,LIMO,冬の旅行でも大活躍！ワークマンから「お風呂セット」が出た！SNSでも早速話題に！1900円,https://news.yahoo.co.jp/articles/bb054d3761bef885eed3709d0544f051a7573f99,12/4(水) 18:37
2024-12-07,01:07,life,ライフ,26,HugKum,麻布合格の受験勉強と子育てに役立ったのはMBA！発達障害をもち、生きづらさを抱える子の学習を支えた元テレビ東京アナ・赤平 大さんの極意とは,https://news.yahoo.co.jp/articles/6883fa6863348a63d437dfedeee9eb72314e693b,12/6(金) 21:31
2024-12-07,01:07,life,ライフ,27,ねとらぼ,「臭すぎた」　大量のトチの実を拾ってトチ餅を作ったら……　人類の執念を感じる“とてつもない手間暇”に「こんな大変な食べ物だったのか」,https://news.yahoo.co.jp/articles/0db33486c7182ba56fa196a430296e256cca25b2,12/6(金) 22:00
2024-12-07,01:07,life,ライフ,28,ベネッセ教育情報,私立高校と公立高校の学費はどれくらい違う？ 初年度の負担額や無償化の手続きは？,https://news.yahoo.co.jp/articles/b587ddc5b95dc1f9e343478a2775575208b766e4,12/6(金) 21:20
2024-12-07,01:07,life,ライフ,29,ねとらぼ,“馬の脳”みたいな変な石、割って中身を見てみると……　うっとりする美しさに「虜になりました」「まさに宝探し」,https://news.yahoo.co.jp/articles/b1205c49ef34cd4e9adf2b56a13718e99057fd6f,12/6(金) 20:10
2024-12-07,01:07,life,ライフ,30,BuzzFeed Japan,【GU】暖かいのに太って見えない！ゆったり楽ちんな「2990円パンツ」内側がフリースで着心地バツグンです《着用レビュー》,https://news.yahoo.co.jp/articles/991700c885e1a336c535c2bcad6e15914b74e9f2,12/5(木) 12:30
2024-12-07,01:07,life,ライフ,31,LIMO,兵庫県で一番「面積が大きい市」はどこなのか　正解したのは全体の約2割だった,https://news.yahoo.co.jp/articles/9854abf90e59d41b6c0d3cb6b2919f0643deda3d,12/5(木) 11:41
2024-12-07,01:07,life,ライフ,32,FNNプライムオンライン,【中山美穂さん死去】ヒートショックを防ぐには「温度差を10℃以内に」「急に熱い湯船に入らないように」クリニック院長がアドバイス,https://news.yahoo.co.jp/articles/6938558a3ead683752ebda551656348167ee4136,12/6(金) 21:32
2024-12-07,01:07,life,ライフ,33,日刊ゲンダイDIGITAL,石破首相また変節！働く高収入高齢者への「課税強化」報道に庶民の怒りは爆発寸前‼,https://news.yahoo.co.jp/articles/315a65f0440f1d31ced0c8c1730dd6aecae32477,12/6(金) 16:03
2024-12-07,01:07,life,ライフ,34,ねとらぼ,【男性が選ぶ】一番おいしい「ステーキチェーン」ランキング！　2位は「いきなり！ステーキ」、1位は？,https://news.yahoo.co.jp/articles/c80e83e4cc6f467fe7bc841a87f44221ac1a8f66,12/6(金) 20:40
2024-12-07,01:07,life,ライフ,35,ファイナンシャルフィールド,最近寒くなったので、入浴途中に「追いだき」を使用してしまいます。追いだきを使用しない場合に比べて、1ヶ月でいくらガス代が高くなっているのでしょうか？,https://news.yahoo.co.jp/articles/b2b28d6a1eaa1a80e7631181f0fc10f9171c3eba,12/5(木) 14:40
2024-12-07,01:07,life,ライフ,36,All About,10年勤めた会社の退職金が45万円だった……少なくないですか？【転職のプロが解説】,https://news.yahoo.co.jp/articles/04dcd47002d90473bbddfca42aa15fddaddc4220,12/6(金) 21:15
2024-12-07,01:07,life,ライフ,37,ねとらぼ,風のない日に神社を撮影したら……この世のものとは思えない“脳がバグる光景”に驚愕　「！！！？」「不思議……」,https://news.yahoo.co.jp/articles/5be74ea892d00819029c5fb9af977fb94d7578cf,12/6(金) 19:30
2024-12-07,01:07,life,ライフ,38,ねとらぼ,「口座や住居が……」　坂口杏里、SNSで“重要個人情報を垂れ流し”　「かなりまずい状態」「大丈夫じゃなさそう」心配の声,https://news.yahoo.co.jp/articles/e1ed1dc6738a26ba93d3403855e58bf046bbed76,12/3(火) 18:29
2024-12-07,01:07,life,ライフ,39,ねとらぼ,「紙が落ちないようにリンゴを置いてください」　男の子が難問に悩んでいると……　さっと現れたおばあちゃんの“まさかの解決法”が3000万再生超え【海外】,https://news.yahoo.co.jp/articles/63d79726685da2cf4fedfd477b6577df044e9faf,12/5(木) 22:00
2024-12-07,01:07,life,ライフ,40,ねとらぼ,「えぐいもん見つけた」　ハードオフに7万9200円で売っていた“驚きの商品”に仰天　「こんな値段なってるの!?」,https://news.yahoo.co.jp/articles/f217401b67790a450974e5d7d871ad7bede44e99,12/6(金) 7:40
