scrp_date,scrp_time,genre_en,genre_jp,rank,media_jp,title,link,date_original
2025-08-11,11:48,business,経済,1,みんかぶマガジン,消費減税は無意味だ！竹中平蔵「これでは『失われた30年』が再び日本を襲う」…外国人を受け入れ、無駄な年金を減らしなさい,https://news.yahoo.co.jp/articles/b2141ab2f0ee3d9878252af6378399b3b2f056e3,8/11(月) 9:10
2025-08-11,11:48,business,経済,2,乗りものニュース,「2席分払えば問題ないですよね？」 荷物が多いので “隣の指定席も購入して独占 ”許されるのか,https://news.yahoo.co.jp/articles/f4a2599adcfc9855fc661085fa29ba5b0d72c1d5,8/11(月) 7:42
2025-08-11,11:48,business,経済,3,Merkmal,大泉学園駅なのに「大泉学園」という学校が存在しない理由──西武鉄道創業者が仕掛けた、壮大すぎる構想の顛末とは,https://news.yahoo.co.jp/articles/c83e0e42843401df9d73895e6567e35b1c4d067b,8/11(月) 9:10
2025-08-11,11:48,business,経済,4,TBS CROSS DIG with Bloomberg,「お盆=帰省」ではない 実家に帰るよりも家族と時間を共にする、新しい帰省のかたち,https://news.yahoo.co.jp/articles/ef95b57fd46cc7bc97be1a85cedfa8261b36db8e,8/10(日) 7:01
2025-08-11,11:48,business,経済,5,TBS CROSS DIG with Bloomberg,過去最高を記録した65歳以上人口の割合　老健から特養へ「終の棲家」化、超高齢社会における介護システムの機能不全,https://news.yahoo.co.jp/articles/6246b960fa99f1c5e9fb064b72fb228ab363966a,8/11(月) 7:01
2025-08-11,11:48,business,経済,6,LIMO,【75歳以上・後期高齢者医療保険】年金収入がいくらだったら窓口負担割合が「2割」になるの？9月30日までは「配慮措置」で1ヵ月の負担増加額が「3000円まで」に抑えられています,https://news.yahoo.co.jp/articles/1a895e7b95e42dc58acb972cd580df50e333018e,8/11(月) 11:11
2025-08-11,11:48,business,経済,7,LIMO,【障害年金】新規・再認定で約36万件「どの障害が多く支給される？」2025年度の年金額はいくら？,https://news.yahoo.co.jp/articles/36344e8b9b3e669fa4a0a389094cbf7ade6291b6,8/10(日) 20:51
2025-08-11,11:48,business,経済,8,食品産業新聞社ニュースWEB,"ファミマ“値段そのままざっくり40%増量""/2週目は「たべる牧場ミルク」「こだわり肉シュウマイ&肉団子(黒酢入りだれ)」など4品を“ざっくり40%""増量",https://news.yahoo.co.jp/articles/329294883b88955a7de201bff75a470fffbb9bcb,8/11(月) 9:40
2025-08-11,11:48,business,経済,9,LIMO,【生活保護】保護率が高い都道府県の特徴とは？「保護率」が高い・低い《都道府県》上位10はどこ？,https://news.yahoo.co.jp/articles/588e6f95938d64868661d74d8f873450d8c9022a,8/11(月) 6:21
2025-08-11,11:48,business,経済,10,ファイナンシャルフィールド,友人がドライブに「運転のお礼とガソリン代の代わり！」と“ETCカード”を持参してくれた！「貸し借り禁止」だったと思うけど、友人が同乗していれば問題ない？ ルールやリスクを確認,https://news.yahoo.co.jp/articles/bd6f7dac238d78d5ef9cd1f65d88095ed845ec83,8/10(日) 13:50
2025-08-11,11:48,business,経済,11,くるまのニュース,「エンジンブレーキがウザいです！」 なぜそう感じた!? 大議論になった“運転方法のクセ” もしかすると「周囲の迷惑」になることも？ 一体何が問題なのか,https://news.yahoo.co.jp/articles/d2b0cc1a562f26e2f9e8341da9df530d8fbc68cd,8/11(月) 9:10
2025-08-11,11:48,business,経済,12,乗りものニュース,なぜ日の丸描かない？ 到着した「最新ステルス戦闘機」国籍表示なかったワケ 専門家に聞きました,https://news.yahoo.co.jp/articles/d35df941a66379961cba51743d9fe6893a2f5832,8/10(日) 11:42
2025-08-11,11:48,business,経済,13,J-CASTニュース,「2kgのはずが200kg」神戸風月堂、あんこ誤発注に悲鳴も...　「生成画像」使用でX冷ややか→弁明・謝罪,https://news.yahoo.co.jp/articles/326f3c435e0f953dabf3d5798b108ad966dfb420,8/6(水) 15:35
2025-08-11,11:48,business,経済,14,ファイナンシャルフィールド,50代・年収800万円、夫婦の生活費は毎月35万円前後です。退職後は、貯金＋退職金で「2000万円」あれば足りますか？,https://news.yahoo.co.jp/articles/06dc9028c5ac7634d1fd8e6471f598febd2fc670,8/11(月) 11:20
2025-08-11,11:48,business,経済,15,鉄道コム,点灯あり？なし？点灯するはずなのに「消えている」？ 各社で異なる「急行灯」の点灯ルール,https://news.yahoo.co.jp/articles/ae30f53bb2716cc936312028934fa12008b6bae6,8/11(月) 10:35
2025-08-11,11:48,business,経済,16,LIMO,「貯蓄4000万円以上ある」世帯の割合は？【貯蓄額一覧表】みんな、いくら貯蓄をしているのか,https://news.yahoo.co.jp/articles/e9c7bd5a7dd6a740c29ce36ae2369a7a25897213,8/9(土) 14:11
2025-08-11,11:48,business,経済,17,LIMO,【元銀行員は見た】貯蓄が多い人には実は「共通点」がある！真似したい習慣3選,https://news.yahoo.co.jp/articles/5723c748f234ece654fce0597c28f0c1fc1cc165,8/9(土) 6:16
2025-08-11,11:48,business,経済,18,KOREA WAVE,30代で2兆ウォン超え資産…APR代表、株価急騰で韓国ビューティ界の新星に,https://news.yahoo.co.jp/articles/b5ce65046faaa3c174553ccc389f11bd3ed3173e,8/11(月) 9:18
2025-08-11,11:48,business,経済,19,ファイナンシャルフィールド,定年後に収入を伴う仕事をしている人は「約4割」！年金収入だけだと月にどれくらい不足するの？,https://news.yahoo.co.jp/articles/3e09f76c18d063185d414fc2610a9015969f7944,8/11(月) 11:00
2025-08-11,11:48,business,経済,20,ファイナンシャルフィールド,世帯年収700万円・未就学の子2人、夫は激務でワンオペ育児が正直ツラいです。わが家の年収でも「こども食堂」を使っていいのでしょうか？,https://news.yahoo.co.jp/articles/ee38e701ee46ee2ed190825d606a73180344d2a9,8/11(月) 9:10
2025-08-11,11:48,business,経済,21,ニュースイッチ,大きな関税影響も売上高最高更新、トヨタが示した収益基盤の底堅さ,https://news.yahoo.co.jp/articles/09e31e2bfda2b4b73c837b57663b9ba6dfa10050,8/11(月) 11:10
2025-08-11,11:48,business,経済,22,ファイナンシャルフィールド,世帯年収900万円、東京郊外の5000万円のマンションを購入しようと思います。頭金はいくらくらい用意すればいいですか？,https://news.yahoo.co.jp/articles/bcf80e4eac236cdf22e7d9583c0f91cc1759bd04,8/11(月) 8:30
2025-08-11,11:48,business,経済,23,ファイナンシャルフィールド,夫が亡くなり「3000万円」の死亡保険金を受け取りました。知人から「税金申告を忘れずに」と言われたのですが、非課税ではないのでしょうか？,https://news.yahoo.co.jp/articles/16f1faedd0e7a1d91198db8915e0f72084d6594d,8/9(土) 11:10
2025-08-11,11:48,business,経済,24,くるまのニュース,1リッターで“30km”走る！ トヨタ最新「カローラセダン」がスゴイ！ 全モデルに「ハイブリッド」搭載した“ちょうどいい”ファミリーカー！ パワフルな加速も実現する「最新“5人乗り”セダン」は新車227万円！,https://news.yahoo.co.jp/articles/cad6ed91f69676432f1ff4042866dd35d0f8e564,8/11(月) 6:10
2025-08-11,11:48,business,経済,25,ファイナンシャルフィールド,夏のボーナス、総支給額は50万円！ でも、手取りは35万円……なんでこんなに税金が引かれるの？,https://news.yahoo.co.jp/articles/bf78a5e0ac65fb312002b7f4ed50b0d5e9eeaf36,8/11(月) 11:30
2025-08-11,11:48,business,経済,26,東京商工リサーチ,解体工事業の倒産が最多ペース ～ 進む小規模業者の淘汰、難しいコスト削減 ～,https://news.yahoo.co.jp/articles/e88f44d6fd85dd19698fc97fbc60f17d1da12f3b,8/11(月) 7:03
2025-08-11,11:48,business,経済,27,ニュースイッチ,営業益4.2％増…ソニーグループ、通期上方修正の理由,https://news.yahoo.co.jp/articles/b8ec78969a479ea655e7bcec1eba72675c92cca8,8/11(月) 10:10
2025-08-11,11:48,business,経済,28,みんかぶマガジン,「独身者は税金を払うだけ」小池都政が生んだ“不公平感”を女性都議が糾弾 子どもがいるだけでなぜこれほど優遇されるのか,https://news.yahoo.co.jp/articles/1fca68bd3531b1d744405de3bc60c60dcdec58f7,8/9(土) 9:10
2025-08-11,11:48,business,経済,29,LIMO,【75歳以上・後期高齢者医療制度】保険料が《一番高い》都道府県は？年金収入「195万円・82万円」の平均額はいくら？,https://news.yahoo.co.jp/articles/0026c03c810af3b6d67a7d9f358686c6081e8fc4,8/10(日) 14:26
2025-08-11,11:48,business,経済,30,乗りものニュース,高すぎる！ステルス戦略爆撃機の「左翼損傷」その驚愕の損害額とは？ 米空軍事故調査発表,https://news.yahoo.co.jp/articles/cba4c8d65516b0e327f957be6c87815cca4784e6,8/11(月) 6:12
2025-08-11,11:48,business,経済,31,くるまのニュース,「まさかお前が…」 街にまぎれる「覆面パトカー」どうやって見分ける？ 「地味なクラウン」以外も要注意!? 警察特有の「雰囲気」も注目！ 交通覆面を「一発で見抜く」方法とは,https://news.yahoo.co.jp/articles/963b3d47ab2571b139a49b5597dda3edba697e6c,8/11(月) 7:10
2025-08-11,11:48,business,経済,32,乗りものニュース,「え、路駐OKなの？」そんな道路でもなぜか「有料駐車場も満車」のワケ ドライバーが“知らないだけ”とは限らない！,https://news.yahoo.co.jp/articles/65aa1ba60e55c00d1c7f19149af64ed9de3abb10,8/11(月) 9:42
2025-08-11,11:48,business,経済,33,AUTOCAR JAPAN,20億円超え？　「霧」と名付けられた最後のW16搭載車　世界に1台、ブガッティから新ハイパーカー登場,https://news.yahoo.co.jp/articles/1c9ae644c477e390278309958dc9f950b6edb20a,8/11(月) 6:45
2025-08-11,11:48,business,経済,34,乗りものニュース,夜行列車「ムーンライト」通勤電車で復活!? 9月に東北で臨時運転 「深夜の快速運転を楽しんで」,https://news.yahoo.co.jp/articles/4d268afa7789c70d6c63d0455089c32ef4aea66a,8/11(月) 10:42
2025-08-11,11:48,business,経済,35,乗りものニュース,「国内最速のフェリー」後継船の内部がスゴい！ 龍宮城みたいな没入型スクリーンルームも 今冬に就航へ,https://news.yahoo.co.jp/articles/89c1fdfb702a09659e32a5f4b032ae97258f4f8b,8/11(月) 8:42
2025-08-11,11:48,business,経済,36,みんかぶマガジン,“政治家女子48党”で政治デビューの女性都議が語る「立花孝志氏の素顔」NHK党と決別した理由を激白,https://news.yahoo.co.jp/articles/99184efc7f97fa146661a9d585d99d2249bddd51,8/7(木) 9:10
2025-08-11,11:48,business,経済,37,産経新聞,〝異色の官僚〟の仕事術が書籍化「リーダーよ、アホであれ」　一柳良雄氏の変革と挑戦,https://news.yahoo.co.jp/articles/9a335a566d8fa44e91a8f5573292d2c4ca0dc73b,8/11(月) 11:00
2025-08-11,11:48,business,経済,38,くるまのニュース,トヨタ「“新”シエンタ」安全性強化＆“ブランド初”の便利機能も搭載！ ライバルのホンダ「フリード」とは何が違う？ 人気の「コンパクトミニバン」徹底比較！,https://news.yahoo.co.jp/articles/37722c244001eaf7a9ef54c4218ac0ab6b2afb13,8/10(日) 6:10
2025-08-11,11:48,business,経済,39,くるまのニュース,100万円台で買える軽自動車おすすめ3選！燃費が良くて室内が広い人気車種を紹介,https://news.yahoo.co.jp/articles/9fa5eee4f974f11801a0c7c320721d5675b2f760,8/10(日) 14:10
2025-08-11,11:48,business,経済,40,LIMO,資産1億円以上保有は約165万世帯「お金持ちが続ける運用方法」元信金職員が語る富裕層エピソードとは？,https://news.yahoo.co.jp/articles/fe624b6524dfca6da0d64ba6109e70ce7bd88de7,8/9(土) 20:51
