scrp_date,scrp_time,genre_en,genre_jp,rank,media_jp,title,link,date_original
2025-06-17,22:16,TTL,総合,1,ほ・とせなNEWS,容姿を差別され…「こんな外見に生まれなきゃ良かった」→そう思った14年後の姿に…「可愛い」「今も昔も天使みたい」,https://news.yahoo.co.jp/articles/d98dbed6cee96f1a22a3eba27ee3620de5ecaaba,6/17(火) 15:19
2025-06-17,22:16,TTL,総合,2,日刊スポーツ,“２万円花柄ワンピ”と対照的…石破首相夫人・佳子さんのサミットファッションに「凄く素敵」,https://news.yahoo.co.jp/articles/333e4fdfef0cd2ffb1ad7dec8fc94b44d18c1f9b,6/17(火) 15:31
2025-06-17,22:16,TTL,総合,3,中日スポーツ,巨人・阿部監督、４番について聞かれ「じゃあ誰を打たせればいいですかね」４連敗に苦悩の色浮かべる,https://news.yahoo.co.jp/articles/f5d31bdcf86c72697d5a6e1f40fda421d1987a2d,6/17(火) 21:21
2025-06-17,22:16,TTL,総合,4,スポニチアネックス,小泉進次郎氏、昼食取りながらの“お願い”電話　73歳大物歌手が「一言」でバッサリ！,https://news.yahoo.co.jp/articles/cf896c8ff0a2fc92ce141402b8f8d89d4151d669,6/17(火) 15:32
2025-06-17,22:16,TTL,総合,5,スポーツ報知,【西武】松坂大輔超えた！今井達也が球団新の１７奪三振で今季初完封　貯金は今季最多の７に伸びる,https://news.yahoo.co.jp/articles/b642388e855e0faeab9512af3160c6d270c66407,6/17(火) 20:41
2025-06-17,22:16,TTL,総合,6,ねとらぼ,コケまみれの水槽にエビ200匹を投入→2日後……　まさかの光景に「お口あんぐり」「すごい食欲ですね」,https://news.yahoo.co.jp/articles/7395ba426cf2689df775b98ff325e3c0887e0329,6/17(火) 20:00
2025-06-17,22:16,TTL,総合,7,FNNプライムオンライン,マグニチュード7以上の地震発生の可能性も　国東半島沖に見つかった新たな活断層は「横ずれが主体」市民からは不安の声「まさかここに断層が…」【大分発】,https://news.yahoo.co.jp/articles/71bee548f8ada4a48cc8a56daec768fec8e8e773,6/17(火) 14:25
2025-06-17,22:16,TTL,総合,8,スポーツ報知,「男子より…」石田ゆり子５５歳　別人のようなイメチェン姿「わー！」「バッサリ」「雰囲気が全く違う」,https://news.yahoo.co.jp/articles/b0eeb934329dd4c875c69eed5a2b2bd70c2ef991,6/17(火) 11:55
2025-06-17,22:16,TTL,総合,9,デイリースポーツ,夫はメジャーリーガーの３２歳女優　生まれたばかりの第３子に「この感じかわいい」とメロメロ,https://news.yahoo.co.jp/articles/03f3621cd334ba881f07b23957e07c648e21b868,6/17(火) 19:22
2025-06-17,22:16,TTL,総合,10,まいどなニュース,父は2038安打のヒットメーカー、夫は日本代表のモデル　父と腕を組む花嫁姿にあふれる幸せ　「3人とも素敵です」,https://news.yahoo.co.jp/articles/93b96b144e5eb99e49c7f0ff0c323e246609bff7,6/17(火) 19:00
2025-06-17,22:16,TTL,総合,11,中日スポーツ,ドジャースの編成本部長、大谷翔平への『過小評価』にご立腹…何度も首を振り「信じられないくらい…」,https://news.yahoo.co.jp/articles/e00b532b0545bcfe50bc76976d24cc66a8d7fee9,6/17(火) 15:59
2025-06-17,22:16,TTL,総合,12,南海日日新聞,ハブが「うり坊」を丸のみ　専門家、相当つらかったはず…　加計呂麻島,https://news.yahoo.co.jp/articles/e5473ad9c76a3c3a2b749b11e6d295ecb367632c,6/17(火) 13:01
2025-06-17,22:16,TTL,総合,13,FNNプライムオンライン,【何が】両親と3人暮らし容疑者宅から7年半行方不明の宮本果歩さん（当時21歳）の頭蓋骨…逮捕の斎藤純容疑者（31）家族入れないよう部屋につっかえ棒　さいたま市,https://news.yahoo.co.jp/articles/37aaef95f152dfebd96d24616e6f41debb8bd2c9,6/17(火) 18:02
2025-06-17,22:16,TTL,総合,14,スポニチアネックス,新庄日本ハム　衝撃の1イニング3発！東京D悲鳴…巨人・井上はぼう然　万波だ伏見だ水谷だ,https://news.yahoo.co.jp/articles/1ae37da84e8603fed689d62b40ace214cc83b354,6/17(火) 18:46
2025-06-17,22:16,TTL,総合,15,映画.com,山奥の村に花嫁として売られた大学生　検閲で約20カ所カット、国内上映禁止となった中国の衝撃作「盲山」,https://news.yahoo.co.jp/articles/60bae16364565b74c403050a6a529cc1b701c091,6/17(火) 18:00
2025-06-17,22:16,TTL,総合,16,ゲキサカ,日本代表DF瀬古歩夢のグラスホッパー退団が発表!! W杯イヤーにステップアップなるか,https://news.yahoo.co.jp/articles/d44dbbb89187e54b01be2cc00847d28f9ddfae2d,6/17(火) 19:10
2025-06-17,22:16,TTL,総合,17,tenki.jp,インドネシアで大規模な火山噴火　津波発生のおそれも　今後の情報に注意,https://news.yahoo.co.jp/articles/883df58111b7262fbe383b78b2a19ab8185367d0,6/17(火) 19:45
2025-06-17,22:16,TTL,総合,18,Full-Count,達孝太、7回途中1失点で大谷翔平以来“デビュー5連勝”　防御率0.54の無双…ハム3連勝で貯金12,https://news.yahoo.co.jp/articles/d09fc38836eb0502561f56a283eb93efee9f11b7,6/17(火) 20:55
2025-06-17,22:16,TTL,総合,19,西スポWEB OTTO！,顔しかめたソフトバンク近藤健介、6回の守備から退く　初回本塁打時に痛みか,https://news.yahoo.co.jp/articles/532d9d4c22fbae00f62190102f172fe18b09d144,6/17(火) 19:54
2025-06-17,22:16,TTL,総合,20,京都新聞,【速報】琵琶湖で見つかった遺体の身元判明,https://news.yahoo.co.jp/articles/b8350216452c52841a49710d768b5bdc8fd4801d,6/17(火) 18:46
2025-06-17,22:16,TTL,総合,21,ENCOUNT,「ワンプッシュタイプのスプレー」で舌が“レレレ”に　SNSで相次ぐ声…気になる健康への影響、メーカーの見解は？,https://news.yahoo.co.jp/articles/65fe78f2c63fc7241d7fb7aa0e0034e890db1c93,6/17(火) 17:10
2025-06-17,22:16,TTL,総合,22,スポニチアネックス,後藤真希、AKB48ではなく「モーニング娘。でよかった」と思うワケ　衝撃システムに「怖い～…」,https://news.yahoo.co.jp/articles/1af73c48589ad34a449f651338be90a33d28b595,6/17(火) 18:46
2025-06-17,22:16,TTL,総合,23,日刊スポーツ,【阪神】岡田顧問が遊ゴロアウト判定に「セーフ」吉井監督がリクエスト出す前に断言　判定は…,https://news.yahoo.co.jp/articles/f3629d9f130e4dde5e6ef3d1ff02a7ebdf7862c8,6/17(火) 18:41
2025-06-17,22:16,TTL,総合,24,デイリースポーツ,阪神　泥沼の今季ワースト７連敗　佐藤輝が４三振　才木粘投も七回に痛恨の３失点で逆転許す,https://news.yahoo.co.jp/articles/bfbd29d0a7738bacf003b07f8c8be571fcf696d1,6/17(火) 21:08
2025-06-17,22:16,TTL,総合,25,ねとらぼ,「なんだよww」「腹いてぇ笑」　役所からの留守電、文字起こしを見たら……　“ツッコミどころ満載な内容”に「意味が分からなくて三度見」,https://news.yahoo.co.jp/articles/2d8a0e95a0a89a66a6422384cc5d72a583f4d0ed,6/17(火) 21:00
2025-06-17,22:16,TTL,総合,26,LIMO,寺の物置で発見した「30kgの古古古古古古古米」　精米してみた結果に「こりゃ凄い」,https://news.yahoo.co.jp/articles/d99268c5bb72b9eda143923dc24742c859162531,6/17(火) 11:42
2025-06-17,22:16,TTL,総合,27,ファイナンシャルフィールド,50代独身です。「2000万円問題」を心配していたら独身仲間の同僚から「独身なら2000万円もいらないよ」と言われました。本当でしょうか？,https://news.yahoo.co.jp/articles/535aaee3f31d58141085218247f9404e70c1af68,6/17(火) 18:40
2025-06-17,22:16,TTL,総合,28,ABEMA TIMES,石田ゆり子（55）、髪ばっさりカットの“激変”ショットに反響「カッコ良すぎる」「美しさが際立ってます」,https://news.yahoo.co.jp/articles/4dca0f86722de7ffa00f4d1d864987cb41e222f9,6/17(火) 19:39
2025-06-17,22:16,TTL,総合,29,西スポWEB OTTO！,ソフトバンク近藤健介は左かかと痛　小久保監督「炎症が引くまでは」　明日以降の出場は微妙,https://news.yahoo.co.jp/articles/82d9da05464d6479d3afcbb9e887a5e5725b1340,6/17(火) 21:28
2025-06-17,22:16,TTL,総合,30,スポニチアネックス,豊田順子アナ　日テレ退社　各局で相次ぐ人気アナ退社　永島アナ、椿原アナ、宇内アナ、中川アナ…,https://news.yahoo.co.jp/articles/04d98a7fd0353e87171f6a21b698612e149840f8,6/17(火) 15:53
2025-06-17,22:16,TTL,総合,31,Full-Count,大谷翔平、投打で“誤審”発生　ロバーツ監督も猛抗議…敵地放送局まで同情「低すぎました」,https://news.yahoo.co.jp/articles/896c8757413219ffedcf8b0356cde0b3b7277f99,6/17(火) 20:05
2025-06-17,22:16,TTL,総合,32,オリコン,北川景子、夜11時に“母心”吐露「詰んでしまいました」「信頼も失いそうです」　涙を誘う「応援します」,https://news.yahoo.co.jp/articles/d3fe2afdce5ea172743a6a078c6c40261f7e0f80,6/17(火) 15:02
2025-06-17,22:16,TTL,総合,33,Hint-Pot,エアコン代節約のための室外機対策　アルミ製カバーをプロが「おすすめしない」理由とは,https://news.yahoo.co.jp/articles/c22a4597a9a49c0b3c18e96ef2bb6cb575e1bad2,6/16(月) 7:31
2025-06-17,22:16,TTL,総合,34,スポニチアネックス,ヒカル「どうせすぐ離婚する」の声にアンサー　離婚したら財産はどうする？にも回答,https://news.yahoo.co.jp/articles/43ca0dcd1b9c99ec2b1e3b46693cc398a5d858a3,6/17(火) 21:25
2025-06-17,22:16,TTL,総合,35,まいどなニュース,高速道路SAトイレに貼られた注意喚起に驚き→「そんな人いる？！」専門家に聞いてみた,https://news.yahoo.co.jp/articles/fb006419407459970d7d7e5c1700be524960dd73,6/17(火) 7:30
2025-06-17,22:16,TTL,総合,36,時事通信,れいわ・舩後氏が政界引退へ　「さらに6年は難しい」,https://news.yahoo.co.jp/articles/798d154c695d962137a1495ecf349adce49ee24e,6/17(火) 19:48
2025-06-17,22:16,TTL,総合,37,中日スポーツ,またも新たな『大谷ルール』誕生！1回表の投球を終えて裏の打席に立つ際、特例で準備ができるまでピッチクロックは設定されず,https://news.yahoo.co.jp/articles/515e7c2b94893c8197c9d1e9249afe5fcad753a5,6/17(火) 15:06
2025-06-17,22:16,TTL,総合,38,ねとらぼ,家賃7万円台、中目黒駅近の“激狭すぎるワンルーム”→ドアを開けると……　まさかの空間出現に驚きの声「マジ住んでみたい」「たまらない」,https://news.yahoo.co.jp/articles/0627a89978ccd61129da3e832da312a9022fdf22,6/17(火) 18:30
2025-06-17,22:16,TTL,総合,39,ENCOUNT,布袋寅泰、自身のライブに超大物から花届く　ファンは歓喜「スター同士の交流」「いつかセッションして」,https://news.yahoo.co.jp/articles/bd0c801b523571716f49f9c209146d8de11a0889,6/17(火) 19:50
2025-06-17,22:16,TTL,総合,40,デイリースポーツ,７連敗の阪神・藤川監督「我慢して待つというところ」中軸ブレーキに「出たり出なかったりするのが野球ですから」,https://news.yahoo.co.jp/articles/d3ad64c07c17db8cfa4bae0489dccf30715bedf9,6/17(火) 21:40
