scrp_date,scrp_time,genre_en,genre_jp,rank,media_jp,title,link,date_original
2026-01-10,18:07,business,経済,1,共同通信,中国、レアアース新規契約停止　国有企業、既存取引破棄も検討,https://news.yahoo.co.jp/articles/55447c6a1e802c0ee73b9a23b80fbd6b0ea6363c,1/10(土) 15:46
2026-01-10,18:07,business,経済,2,ファイナンシャルフィールド,“バッテリー上がり”でJAFを呼んだら「2万円の出費」に！ 同僚に「ロードサービス呼ばなくても、年会費4000円の元が取れる」と聞きましたが、どういうこと？ 意外と知らない“優待制度”を解説,https://news.yahoo.co.jp/articles/2eacb71279aa8cec07a8e96c9680405b116387f2,1/10(土) 13:50
2026-01-10,18:07,business,経済,3,ファイナンシャルフィールド,65歳まで働ける再雇用を断り、「年金＋週3日のパート」で暮らすと決めた夫。「月給20万円もいらないから、気楽に働きたい」と言いますが、健康保険や税金を考えると“損”にならないのか不安です。,https://news.yahoo.co.jp/articles/26615c2fb19b9aefe17b85fb16a18e19e77fec9d,1/9(金) 5:10
2026-01-10,18:07,business,経済,4,ファイナンシャルフィールド,田舎の両親が生前「放置していた畑」を勝手に近隣の農家に貸していたことが相続時に判明！ 「相続税」が高くつく可能性もあるって本当？,https://news.yahoo.co.jp/articles/c1a58d2b725af89699ed5479a7e8524479de3e35,1/10(土) 13:30
2026-01-10,18:07,business,経済,5,くるまのニュース,「マッチのマーチ」が40年ぶりに完全復活！ 日産校の学生が手掛けた!? トヨタ・ホンダもサプライズで応援！ メーカーの垣根超えたプロジェクトに,https://news.yahoo.co.jp/articles/3a5b8ddb162ddfd5f8ee880e123ef0c96874dbbd,1/10(土) 8:30
2026-01-10,18:07,business,経済,6,日テレNEWS NNN,JR東・西武・TXも……交通に値上げの波　「山手線」東京～新宿、210円→260円に　おトクな移動術も【なるほどッ！】,https://news.yahoo.co.jp/articles/92c97b23139f38fcf6f71d6bf8b140256c988c21,1/10(土) 13:00
2026-01-10,18:07,business,経済,7,共同通信,対日レアアース制限と報道　米紙、中国が輸出審査停止,https://news.yahoo.co.jp/articles/073be4500d3223f141324136b88c2a527b3bb389,1/9(金) 23:12
2026-01-10,18:07,business,経済,8,TBS CROSS DIG with Bloomberg,障害者雇用の問題「雇っているのに、一緒に働いていない」　数合わせから戦力化へ,https://news.yahoo.co.jp/articles/4ad1e076523247d7c00cc1fb179521b971f94f64,1/10(土) 9:00
2026-01-10,18:07,business,経済,9,ITmedia ビジネスオンライン,直径13センチ、700キロカロリー超も！　巨大クッキー専門店じわり拡大のワケ,https://news.yahoo.co.jp/articles/2992dc961911fa222a79c5fc4de92518bd720df0,1/10(土) 8:18
2026-01-10,18:07,business,経済,10,鉄道コム,2027年春ごろに「Suica」エリア統合へ　将来はJR東日本全線が利用可能エリアに,https://news.yahoo.co.jp/articles/147e3c80133a74239a1b77ac939565aa9adbca49,1/10(土) 10:35
2026-01-10,18:07,business,経済,11,共同通信,中国の一部企業、レアアース新規契約停止,https://news.yahoo.co.jp/articles/dbe98f67c2c39bc62b69f388efae804edb45c33d,1/10(土) 15:27
2026-01-10,18:07,business,経済,12,ファイナンシャルフィールド,退職金1500万円で住宅ローンを完済。妻に「手元に残った600万円で暮らしていこう」と言われています。本当に老後資金として足りますか？,https://news.yahoo.co.jp/articles/d54fede1e57cbf5ca7a61136a442f232f408b1ee,1/10(土) 11:30
2026-01-10,18:07,business,経済,13,共同通信,イオン、アオキと提携解消　岡田会長へ辞任要求受け,https://news.yahoo.co.jp/articles/6ad92354ab133cc6770e1f5945538c66ffe3fa5d,1/9(金) 17:28
2026-01-10,18:07,business,経済,14,ロイター,エヌビディア、中国企業のＨ２００発注に全額前払い要求＝関係筋,https://news.yahoo.co.jp/articles/8dc1d05f47b1cd5b50bdc1462313f1e5f52e08f5,1/8(木) 15:29
2026-01-10,18:07,business,経済,15,ファイナンシャルフィールド,亡くなった父の生命保険、20年前に離婚し絶縁状態の「母」が受取人のままになっていました。保険金は母に渡すしかないでしょうか？,https://news.yahoo.co.jp/articles/66a4d5d23974d8bf508ffa3016f403c583d0b4da,1/10(土) 5:20
2026-01-10,18:07,business,経済,16,LIMO,【新NISA試算】50歳から「月5万円」を65歳まで積み立てたらいくら増える？老後資金づくりをシミュレーションで具体的に確認,https://news.yahoo.co.jp/articles/07b91c53b5b95af10ca0c119f27b1e3d21b407ca,1/9(金) 16:30
2026-01-10,18:07,business,経済,17,LIMO,【老後のお金の現実】70歳代おひとりさまの平均貯蓄額はいくら？国民年金・厚生年金の平均月額と生活費を整理,https://news.yahoo.co.jp/articles/52f2e08456cd1517dbb8ea5f9a8ec97fac862068,1/9(金) 20:40
2026-01-10,18:07,business,経済,18,読売新聞オンライン,京都・嵐山の生活道路で事故相次ぐ、混み合う観光地で「抜け道」走る車が増えたか…京都府警と関連企業がタッグで対策に本腰,https://news.yahoo.co.jp/articles/b417427bce0225186ca6392334151fed2fe7e593,1/10(土) 14:04
2026-01-10,18:07,business,経済,19,朝日新聞,雇用統計をトランプ氏が「事前漏洩」　SNS投稿、統計信頼性に懸念,https://news.yahoo.co.jp/articles/686adff45bb9b99b74dc51b9cc26919c2b71bd3b,1/10(土) 15:37
2026-01-10,18:07,business,経済,20,FNNプライムオンライン,NISAで2000万円つくるには月いくら必要?5・10・20年の期間別シミュレーションと0歳からの新制度を解説,https://news.yahoo.co.jp/articles/d7c87536503e4755e8fa385467effa14bd6c14f4,1/10(土) 11:00
2026-01-10,18:07,business,経済,21,LIMO,【後期高齢シニア】75歳以上の1割が働く時代…でも「医療費3割」の可能性も？リタイア夫婦世帯《ひと月の家計収支》リアルなデータを紹介,https://news.yahoo.co.jp/articles/b474dfcb3ad91e3dd1c90c7452653e35d24f9503,1/10(土) 14:31
2026-01-10,18:07,business,経済,22,TBS CROSS DIG with Bloomberg,中国のレアアース支配、米技術革新で排除へ-ホワイトハウスのナバロ氏,https://news.yahoo.co.jp/articles/48082912b41bc508a66b7b75b1aac4e5c9611ba4,1/9(金) 11:32
2026-01-10,18:07,business,経済,23,carview！,【順調だったはずが…】スバル新型「フォレスター」販売ペースは想定通り？ 販売台数のブーストに必要な最大のアシストとは？,https://news.yahoo.co.jp/articles/a23d7a54a8114b75e19eab579eb92bf59aa0e810,1/10(土) 8:30
2026-01-10,18:07,business,経済,24,ファイナンシャルフィールド,【映画館】株主優待は「TOHO・イオン・109シネマズ・MOVIX」どれがお得？ 優待内容や“最低投資額・特徴”もあわせて徹底比較,https://news.yahoo.co.jp/articles/a818adc99b580c4da35864019b643145121c42f4,1/10(土) 13:30
2026-01-10,18:07,business,経済,25,ファイナンシャルフィールド,「副業収入が年間20万円」を超えました…。同じく副業している友人に相談したところ「申告しなくてもバレない」と言われたのですが、本当に大丈夫なのでしょうか？,https://news.yahoo.co.jp/articles/3eb441eef617862a7e2d10a8e2a770a53310b0aa,1/10(土) 8:20
2026-01-10,18:07,business,経済,26,ファイナンシャルフィールド,夫が「親から車を買ってもらった」と、新車の軽自動車「ハスラー」に乗って帰ってきました。価格は「140万円」くらいだと思うのですが、「親からのプレゼントだから税金は関係ない」とのこと。本当に申告しなくて大丈夫なのでしょうか？,https://news.yahoo.co.jp/articles/28a4cd73e531dff8c89947f77be81c5e55959c08,1/9(金) 8:40
2026-01-10,18:07,business,経済,27,ファイナンシャルフィールド,「医療費控除で10万円以上かかったらお金が戻る」と聞きました。家族4人分でギリギリ超えそうなのですが、確定申告する“手間”に見合うのでしょうか？,https://news.yahoo.co.jp/articles/96f67771797dca992d538d53b93e352d1647db8c,1/10(土) 8:10
2026-01-10,18:07,business,経済,28,Bloomberg,トランプ氏はなぜグリーンランドにこだわるのか－安全保障に不可欠,https://news.yahoo.co.jp/articles/c68d28358ba81899b0f5df3fe0720a43b01b3fd2,1/6(火) 3:27
2026-01-10,18:07,business,経済,29,ファイナンシャルフィールド,大企業で働く“年収500万円”の娘から「クレカの審査に落ちた」と連絡が！ 勤続7年で収入も安定してるのに、いったいナゼ？ 問題ないはずが“審査に落ちる理由”とは,https://news.yahoo.co.jp/articles/952dee5ecbd07367848e001a0e5d7974744f8794,1/8(木) 14:10
2026-01-10,18:07,business,経済,30,くるまのニュース,斬新「ヴェルファイア セダン」初公開！ “全長5m超え”ボディ＆「ド迫力顔」採用！ 「豪華な白内装」に“光るVIPな仕掛け”も！ 「V8エンジン×FR」で高級感漂うレクサスLSベースのNATSカスタムカー登場！,https://news.yahoo.co.jp/articles/31acd8d0fc8c67bc22cfe4e22308eb287ed32b8c,1/9(金) 12:20
2026-01-10,18:07,business,経済,31,Bloomberg,ベネズエラ投資は困難とエクソンCEO－米政権の要請に業界は慎重姿勢,https://news.yahoo.co.jp/articles/7abdb0ab1f84fe363b701bf63a57465bc69864fd,1/10(土) 7:18
2026-01-10,18:07,business,経済,32,食品産業新聞社ニュースWEB,"大ずわい雌がに一尾まるごと楽しめるランチが3,278円、甲羅本店『かにづくし祭り』開催",https://news.yahoo.co.jp/articles/4891c3b8773208c295b362b9c2fd2014b692ea73,1/9(金) 11:37
2026-01-10,18:07,business,経済,33,鉄道コム,その数なんと1万両超え！ 日本で最も多くの鉄道車両を保有している事業者は？,https://news.yahoo.co.jp/articles/8b94a7664e1f8face4c844de39350130dde0f4c9,1/10(土) 10:35
2026-01-10,18:07,business,経済,34,乗りものニュース,この先「The End」だって…？ 道路標識にちょっと“不穏な表記” 行ってみたら意外な場所だった！「これがEnd？」,https://news.yahoo.co.jp/articles/00691203a2ae58b8fd3d9c3d8a82cede47cee6ca,1/10(土) 12:12
2026-01-10,18:07,business,経済,35,乗りものニュース,ベネズエラ大統領拘束の裏で暗躍？ まるで忍者な「米軍の特殊作戦母船」 一見すると「民間フェリー」その実態は“動く極秘基地”,https://news.yahoo.co.jp/articles/f41529cb940f1cb52064de2ec36e6b61d5d1a83c,1/10(土) 16:42
2026-01-10,18:07,business,経済,36,くるまのニュース,スズキ「斬新エブリイ」に注目！ 丸目レトロな“ジムニー顔”＆車高アップ×ゴツゴツタイヤ装着のオフロード仕様！ エアコン完備で快適すぎるMDNマドンナ「ジブリイ プレシャス」とは！,https://news.yahoo.co.jp/articles/ae49189938fbe2cf585ca5bc60fb5abff80dd214,1/10(土) 15:10
2026-01-10,18:07,business,経済,37,Finasee,"IBMのエンジニアから銀座の画廊経営者へ…異色の転身で抱いた""違和感""の正体とアート市場の「リアル」",https://news.yahoo.co.jp/articles/a7fd5a3b073372f885c27617da88e559d4533f67,1/10(土) 17:30
2026-01-10,18:07,business,経済,38,くるまのニュース,ダイハツ「“新”スライドドアワゴン」ムーヴ世界初公開！ 斬新すぎる「2トーンカラー」＆“デニム調”インテリア採用！ カジュアル＆実用性を追求したカスタム仕様「♯オーオーティーディー」がスゴイ！,https://news.yahoo.co.jp/articles/33b86e0dd087f5a678e89eb8b34a38296500fb26,1/10(土) 15:30
2026-01-10,18:07,business,経済,39,くるまのニュース,雪道は「四駆」じゃないとダメ？ 二輪駆動の「FF」と「FR」で“積雪路に強い”のはどっち？「タイヤチェーンの装着位置」間違えると逆効果!? 駆動方式別の決定的な違いとは！,https://news.yahoo.co.jp/articles/538a25762aa04e98f07232a97afccec148830ecd,1/10(土) 12:10
2026-01-10,18:07,business,経済,40,Car Watch,スバルとSTI、6速MT採用の「WRX STI Sport#」をはじめ6気筒ツインターボ仕様のGT300 2026年車両など展示中,https://news.yahoo.co.jp/articles/de62c35038d74b40f2d64067a68418b73bbb366a,1/10(土) 16:01
