scrp_date,scrp_time,genre_en,genre_jp,rank,media_jp,title,link,date_original
2024-06-06,20:16,life,ライフ,1,まいどなニュース,「このイケメンは誰？」西武のピッチャーの写真が異例の大バズり、SNSざわつく「アイドルかと思った」,https://news.yahoo.co.jp/articles/512ac525cc84111fc75ea5b5c0fb06d8bcd7652f,6/6(木) 7:15
2024-06-06,20:16,life,ライフ,2,ファイナンシャルフィールド,集合住宅でトイレに窓がないため「換気扇」は24時間つけっぱなしです。電気代は月にいくらかかりますか？,https://news.yahoo.co.jp/articles/0619564f82954293eb184d0b630b4ae1fec6cfad,6/6(木) 17:50
2024-06-06,20:16,life,ライフ,3,ファイナンシャルフィールド,節約のために「フードコート」で飲み物だけ購入して”持参した弁当”を食べたいです。問題ないでしょうか？,https://news.yahoo.co.jp/articles/0281a64f012f41902f839fe280d8fbee4aeeb73c,6/6(木) 11:31
2024-06-06,20:16,life,ライフ,4,ねとらぼ,近所にできてほしい「ラーメンチェーン」ランキング！　2位は「天下一品」、1位は？,https://news.yahoo.co.jp/articles/fd539c266376b90e1c1c9f4b9b812118655f3846,6/6(木) 17:10
2024-06-06,20:16,life,ライフ,5,ハフポスト日本版,「しわしわのドラえもん」子どもたちに独特のあだ名をつけられた愛猫の姿が話題,https://news.yahoo.co.jp/articles/cd5dc3386a49931cdf8870b8243637540bb87b3d,6/6(木) 12:30
2024-06-06,20:16,life,ライフ,6,ファイナンシャルフィールド,ママ友がみんな「ニューバランス」のスニーカーを履いていますが、私にはとても手が出ません。どうやってお金を捻出しているのでしょうか？,https://news.yahoo.co.jp/articles/19019e67c74745418967406601397f7079bbb6ef,6/4(火) 21:40
2024-06-06,20:16,life,ライフ,7,Hint-Pot,日本が一番訪れたい国と語るアメリカ人観光客　心に深く残っている日本人の行動とは,https://news.yahoo.co.jp/articles/31fb0fe7311932ff712a12a61468c0d6506562f1,6/6(木) 16:38
2024-06-06,20:16,life,ライフ,8,ねとらぼ,「ベランダは不要」の考えを激変させた“神建築”が200万表示　夢のような光景に「こんな家に帰りたい」「うっとり」,https://news.yahoo.co.jp/articles/417e7e439024fe382999f7c8e1e63650fd0817bd,6/6(木) 11:30
2024-06-06,20:16,life,ライフ,9,リセマム,「大学人気ランキング」大幅変動、九大・明大ら浮上…5月版,https://news.yahoo.co.jp/articles/4b02d5751ef1c3bafc34613e646e6d30127d664f,6/6(木) 11:15
2024-06-06,20:16,life,ライフ,10,ファイナンシャルフィールド,麦茶は「自分で作る」「ペットボトルで買う」どちらが安い？1ヶ月の値段で比較,https://news.yahoo.co.jp/articles/4bf6a1008df5cf31dcdc8218450a455ce8fd2fc5,6/6(木) 15:20
2024-06-06,20:16,life,ライフ,11,BuzzFeed Japan,ワークマンの「着る日焼け止め」が980円とは思えない快適さ！ひんやり涼しいし、夏っぽデザインがかわいいんです,https://news.yahoo.co.jp/articles/81ad6fddec7977c7c82d4e68cd97f25c9c36812d,6/5(水) 16:05
2024-06-06,20:16,life,ライフ,12,BuzzFeed Japan,デニーズの「495円モーニング」がコスパ抜群！お肉が大きくて満足感すごいし、パンがカリカリで美味しいんです,https://news.yahoo.co.jp/articles/8403f6ca23e7291fbf6aaa7fe8472e0b1e0c3293,6/6(木) 9:35
2024-06-06,20:16,life,ライフ,13,ねとらぼ,【60代に聞いた】「一番安心だと思う銀行」ランキング！　第2位は「三菱UFJ銀行」、1位は？,https://news.yahoo.co.jp/articles/94aa7f194beb5630b5f4d19a03e2bc5dc58501be,6/6(木) 19:25
2024-06-06,20:16,life,ライフ,14,まいどなニュース,「子どもがこだわりの服で登園するといって聞かない」SNS投稿に広がる共感　そんな時どうすれば？…保育園園長からのアドバイス,https://news.yahoo.co.jp/articles/7f33062b8f56a3afc8d81944a21afbdc10fa7b7d,6/6(木) 15:00
2024-06-06,20:16,life,ライフ,15,ねとらぼ,やったぞ！　ローソンで「盛りすぎチャレンジ」再び！　スイーツやおにぎりなど値段そのまま47％増量,https://news.yahoo.co.jp/articles/1cf60fe42deaa842e115a90d4b78df35be94244b,6/6(木) 13:16
2024-06-06,20:16,life,ライフ,16,ENCOUNT,『都こんぶ』何て読む？　検索結果に企業公式「なんでやねん」　正しい読み方の浸透に意欲,https://news.yahoo.co.jp/articles/b75d81a409cbea17bf179eac9e11cb4396871996,6/6(木) 14:32
2024-06-06,20:16,life,ライフ,17,グルメ Watch,マクドナルド、次回ハッピーセットは女の子に人気のキャラクターか,https://news.yahoo.co.jp/articles/ed1bb400480ed149df0961ece132dafc272198aa,6/6(木) 13:39
2024-06-06,20:16,life,ライフ,18,BuzzFeed Japan,しまむらの「550円バッグ」大容量で収納力すごい！ジュート素材が夏っぽくてカワイイし、荷物がたくさん入ります,https://news.yahoo.co.jp/articles/04c476a2a889c725fbf4faed89d08bc85d92f821,6/5(水) 20:35
2024-06-06,20:16,life,ライフ,19,Hint-Pot,「部屋をプールにしたかった」　5歳と2歳の自由すぎる発想が生んだ悲劇に「将来有望過ぎる」,https://news.yahoo.co.jp/articles/d09c6ed7953fcf42ac70dd7a4272ed28e13332c4,6/6(木) 9:10
2024-06-06,20:16,life,ライフ,20,ファイナンシャルフィールド,夫が定年退職後、毎日家でゴロゴロしています…… 何か楽しむ趣味をはじめられればいいのですが、お金がかかりますよね？,https://news.yahoo.co.jp/articles/88723b27ec44aec7da089789aae94650992a4d12,6/6(木) 17:10
2024-06-06,20:16,life,ライフ,21,LIMO,ヤギのユキちゃんまみれ！キャンドゥでハイジのポーチをゲット！ミニ財布にもなって便利なんです,https://news.yahoo.co.jp/articles/786cff967a95ad890693e71daf62373a1d0e0735,6/6(木) 18:37
2024-06-06,20:16,life,ライフ,22,共同通信,写真家の吉田ルイ子さん死去,https://news.yahoo.co.jp/articles/ae2b5f14b1c7ff380ceb534c1e64ed2e314583d4,6/6(木) 18:49
2024-06-06,20:16,life,ライフ,23,弁護士ドットコムニュース,3年続いた「ピンポンダッシュ」で精神疾患に、ようやく見つけた犯人は中学生…通院費請求できる？,https://news.yahoo.co.jp/articles/2cbf395ede6d7cac8545bdb058739be121eea5a8,6/6(木) 9:39
2024-06-06,20:16,life,ライフ,24,マイナビ子育て,杏さんが子どもの学校行事で代打を頼んだ大女優「わかった、行ける行ける」家族同然、親戚のような存在,https://news.yahoo.co.jp/articles/83ea098c5a057a5a2764a21d268505101eff406a,6/3(月) 12:11
2024-06-06,20:16,life,ライフ,25,婦人公論.jp,共働き家庭がぶつかる〈小1の壁〉　育児とキャリアのバランスを解決するためにワーママが取った行動とは,https://news.yahoo.co.jp/articles/0505eef6cd5a7e18f428b6153b3dacb0b370b153,6/6(木) 12:32
2024-06-06,20:16,life,ライフ,26,東京バーゲンマニア,「冷凍庫に入ってて助かった夜ご飯のおかずとなる冷凍食品」ランキング。3位「コロッケ」、2位「からあげ」、1位は？,https://news.yahoo.co.jp/articles/85bff4d689187f64457827dc0e67a03dac0de2cc,6/6(木) 19:00
2024-06-06,20:16,life,ライフ,27,HugKum,2024年6月の開運日。令和6年6月6日は「双子座」でパワフルな新月も！,https://news.yahoo.co.jp/articles/18b9bf48ee5f0702bfe7cc2b6a6c679366b63df7,6/6(木) 9:07
2024-06-06,20:16,life,ライフ,28,めざましmedia,【徹底解説】ディズニー新エリア 入園チケットだけでは入れない!? 今から間に合う無料パスや有料サービスを紹介  アナ雪・ラプンツェル・ピーターパンのアトラクションに待たずに乗るには,https://news.yahoo.co.jp/articles/f144d8aed6f8d9cb1a98cf143329cb9ef98732f4,6/4(火) 22:22
2024-06-06,20:16,life,ライフ,29,トラベル Watch,成田空港が構想中の第4ターミナル（T4）のイメージを発表,https://news.yahoo.co.jp/articles/90157cc53352454534ed01120991d72676542cda,6/6(木) 17:06
2024-06-06,20:16,life,ライフ,30,ファイナンシャルフィールド,毎日会社に持っていく”具なし”の塩おにぎり。栄養面も「太りやすい」との噂も気になります…,https://news.yahoo.co.jp/articles/8db89f587cc6305ffcf4d5300fb3899097b9cae3,6/6(木) 12:40
2024-06-06,20:16,life,ライフ,31,ねとらぼ,義母への接し方、3カ月目→10年後の“激変爆笑コント”が694万再生！　ビフォアフに「おもろ過ぎて腹痛いwwww」「ヤッバイ！！」,https://news.yahoo.co.jp/articles/c13e0ce6a8718b5dd3b9beff982acdefe3905869,6/6(木) 10:30
2024-06-06,20:16,life,ライフ,32,LIMO,今からでも植えられる「夏に強い＆秋まで長く楽しめる一年草」厳選4種＜初夏のガーデニング＞,https://news.yahoo.co.jp/articles/0376232483853504f2b55bf000dcfc971b18cb71,6/6(木) 9:47
2024-06-06,20:16,life,ライフ,33,オリコン,【スタバ新作】“神ドリンク”が待望の復活 『ほうじ茶＆クラシックティーラテ』が定番化、6・12から,https://news.yahoo.co.jp/articles/37b61ddf7655c8fc6d616f6501d5da5ba2d1b5ac,6/6(木) 10:30
2024-06-06,20:16,life,ライフ,34,Fav-Log by ITmedia,今売れている「G-SHOCK」おすすめ＆ランキング　実用性を高めたメタルカバード「GBM-2100」が登場【2024年6月版】,https://news.yahoo.co.jp/articles/c6bc48d792c67b065b461388e2278d31ae30cf22,6/6(木) 17:45
2024-06-06,20:16,life,ライフ,35,まいどなニュース,高3息子の受験直前に母がインフルエンザ感染　大ピンチを救った病院のエピソードに共感「それは信頼できる病院だ！」,https://news.yahoo.co.jp/articles/5c22d2679721e83603f3fae9b09577dae657d73a,6/6(木) 11:10
2024-06-06,20:16,life,ライフ,36,産経新聞,埼玉・鶴ケ島と鉄道模型会社が連携　機関車走る複合施設「ガーデンパーク」が９日オープン,https://news.yahoo.co.jp/articles/ed3f2008c40c9f76b63eec7f6b3bb69def1a3f7f,6/6(木) 17:28
2024-06-06,20:16,life,ライフ,37,ファイナンシャルフィールド,一人暮らしの学生ですが、先月の電気代「9560円」は高すぎませんか？毎日「電気ケトル」を使っているせいでしょうか？,https://news.yahoo.co.jp/articles/5960a65aad2443de5afb48e857e63d4d7d007a19,6/6(木) 10:50
2024-06-06,20:16,life,ライフ,38,ENCOUNT,学校健診で上半身裸に…担当医特定が物議　日本医師会苦言「一番困るのは子どもたち自身」,https://news.yahoo.co.jp/articles/30426edc7134931385e906fc0bdc1377b92a0a79,6/4(火) 16:40
2024-06-06,20:16,life,ライフ,39,LIMO,猫まみれ！セリアで「コップ付きのドリンクボトル」を発見！衛生的で使いやすい,https://news.yahoo.co.jp/articles/4668be7559cf6ef3e2d2a6b31d12adc863a10576,6/6(木) 10:07
2024-06-06,20:16,life,ライフ,40,まいどなニュース,「もしかしたら…」ユニクロパンツでスーパーへ→見知らぬ女性から声をかけられ猛ダッシュ「今日イチびっくり」,https://news.yahoo.co.jp/articles/88365d06124a4a6c0ba12a9691382f43bb7083a4,6/2(日) 11:40
