scrp_date,scrp_time,genre_en,genre_jp,rank,media_jp,title,link,date_original
2024-05-10,07:16,life,ライフ,1,ねとらぼ,「これは知らなかった」　生協が教える“固まったはちみつの戻し方”がタメになる,https://news.yahoo.co.jp/articles/f8e2ae3b09e08a9625406cb4006d7069124fbd0c,5/8(水) 20:30
2024-05-10,07:16,life,ライフ,2,ハフポスト日本版,車のドアが開かない…スマートキーの電池切れ、警視庁の解錠方法に「感動」,https://news.yahoo.co.jp/articles/49a2ded6f99a663635ceff5c1f1e9f4ea361e65e,5/9(木) 12:05
2024-05-10,07:16,life,ライフ,3,ねとらぼ,「また還元率改悪」 楽天カードがポイント付与率引き下げに落胆の声　「悪くなる一方」,https://news.yahoo.co.jp/articles/e114d518fda5f18ec65b73447fd50b202cbe712a,5/9(木) 18:52
2024-05-10,07:16,life,ライフ,4,OTONA SALONE,内臓脂肪減少薬「アライ」56歳男性が飲んでみたら？「水面が見えないほどの油分。そして『絶対におならをしてはいけない』恐怖感」,https://news.yahoo.co.jp/articles/863bd8010ebc0c312c89a0b330481bc150788416,5/9(木) 21:01
2024-05-10,07:16,life,ライフ,5,LIMO,35歳男性が「酔って購入したもの」が話題　翌日確認したレシートの内容に思わず目を疑う,https://news.yahoo.co.jp/articles/73dcfdff987e953317a99f2f9ed179f2ed13cc31,5/10(金) 6:37
2024-05-10,07:16,life,ライフ,6,ねとらぼ,「車庫にランボルギーニがいて駐車できない」→見に行くと……　「電車の中で絶対見ないほうがいい」衝撃の光景が195万表示！,https://news.yahoo.co.jp/articles/d63166fb3686bdb87e8970c38cb3c1fac727a0b4,5/9(木) 7:00
2024-05-10,07:16,life,ライフ,7,ねとらぼ,【60代に聞いた】コスパが最高だと思う「焼肉チェーン」ランキング！　2位は「焼肉きんぐ」、1位は？,https://news.yahoo.co.jp/articles/796f6208d0be05c27f193f1455dde9c293741101,5/9(木) 22:45
2024-05-10,07:16,life,ライフ,8,LASISA,【結婚願望ナシ男性】したくない《理由》トップ3…約7割が回答した1位の理由とは？,https://news.yahoo.co.jp/articles/bd4e5a94e21e460b10abe4ee9dd0c707e9d9c600,5/9(木) 20:10
2024-05-10,07:16,life,ライフ,9,ハフポスト日本版,なぜそこに？JR九州とJR西日本の境界がある「意外な場所」に注目が集まる,https://news.yahoo.co.jp/articles/1d8f6101027588bff3ec8b4192dcfb36c273e6dd,5/9(木) 21:00
2024-05-10,07:16,life,ライフ,10,オリコン,「産まれた時はイケメン系って思ったけど…」ハンサムベビー、3年後の姿に174万再生「こんなの…不公平だよ神様！」「勝ち組のお顔」,https://news.yahoo.co.jp/articles/172aab05e9db52482d863b51d687290ec3272da3,5/8(水) 11:30
2024-05-10,07:16,life,ライフ,11,ねとらぼ,風呂上がりに偶然「牛乳を注ぐ女」になった人に反響　「ほぼそのままｗ」「盛大にふきだした」,https://news.yahoo.co.jp/articles/6c578bcd742ae65ddde4b90a7221a5a441e9c999,5/8(水) 20:00
2024-05-10,07:16,life,ライフ,12,オリコン,6歳娘と取り合う『無限ポリポリ』に80万再生「煮物以外の活用法があったとは…」「簡単なのにおいしい！」,https://news.yahoo.co.jp/articles/7e86f159716a19a929d368d1ae94608f162fd79f,5/9(木) 16:20
2024-05-10,07:16,life,ライフ,13,ほ・とせなNEWS,13歳兄と9ヶ月妹のほっこり動画…かと思ったら？→豹変した妹の行動に「声出して笑っちゃいました」「攻撃100%ダメージ0%」の声,https://news.yahoo.co.jp/articles/0a64785487a214a6f724671b304f9069380ce827,5/9(木) 11:30
2024-05-10,07:16,life,ライフ,14,ねとらぼ,ジャングルのようだった庭が……　12時間かけた掃除の成果に「感動的な変貌」「素晴らしい」と称賛の声【海外】,https://news.yahoo.co.jp/articles/35108fbd0db9f3a367304737a50a5cbfa2890bb9,5/9(木) 19:45
2024-05-10,07:16,life,ライフ,15,まいどなニュース,手がかりは1枚の写真だけ…海外の音楽家「18年前に大阪で会った5人の少女を探したい」→ナイトスクープみたいな驚きの展開に！,https://news.yahoo.co.jp/articles/cb2a16442949cfc05e2ea0068d6c2f6ee75c649d,5/9(木) 6:50
2024-05-10,07:16,life,ライフ,16,ファイナンシャルフィールド,「24時間換気・常時換気」って普通の換気と何が違う？電気代はどのくらいかかってるの？,https://news.yahoo.co.jp/articles/1b2509768a832b3b9c13dac4c7bc77f0e5393b85,5/8(水) 14:40
2024-05-10,07:16,life,ライフ,17,LIMO,【写真】約4年後の姿「抱っこできなかった」,https://news.yahoo.co.jp/articles/20cf5b22c7909bb16094c9e353f11662ad991caa,5/10(金) 6:22
2024-05-10,07:16,life,ライフ,18,トラベル Watch,ユニクロ×マリメッコ、2024年夏限定コレクション。本日5月10日発売,https://news.yahoo.co.jp/articles/5f3253d4dd63cc35729d298a471a9db40d75c157,5/10(金) 0:05
2024-05-10,07:16,life,ライフ,19,マイナビ子育て,加護亜依さん「荒れている」「私が知ってる息子じゃない」学校での息子の様子を見学してショック、我が子のために決断した選択を明かす,https://news.yahoo.co.jp/articles/53aa2ce4220de39ad7c0fad783cc3982c80be565,5/9(木) 12:10
2024-05-10,07:16,life,ライフ,20,All About,「絶対やめとけ」「その先は地獄」若者の“あえて非正規”拡大に心配の声も…否定に動じなくて良い理由,https://news.yahoo.co.jp/articles/49ad104ef18c3f6e1cc11e5f957fe9d66d5ad449,5/9(木) 21:50
2024-05-10,07:16,life,ライフ,21,ねとらぼ,【40～50代に聞いた】客室が快適だと思う「ビジネスホテル」ランキング！　2位は「東横イン」、1位は？,https://news.yahoo.co.jp/articles/b2ecd5645c2564228ad35a5bb1340b31c2c32a3b,5/9(木) 21:55
2024-05-10,07:16,life,ライフ,22,ハフポスト日本版,夏なのになぜ？換毛に失敗した猫の様子に「想像以上で笑った」と注目が集まる,https://news.yahoo.co.jp/articles/4bcc7eb19e6c6e58aa39cee54222bead549f9e96,5/9(木) 21:30
2024-05-10,07:16,life,ライフ,23,LIMO,夫のデスクの下で発見した「光る物体」　床に刺さっていたまさかの物に思わず目を疑う,https://news.yahoo.co.jp/articles/90823e8158149efa9df21207237f165aba36f717,5/9(木) 5:56
2024-05-10,07:16,life,ライフ,24,LIMO,【ハニーズ】ちいかわたちが最高！ スマホ充電もできる「ちいかわのライト」に癒される,https://news.yahoo.co.jp/articles/23da89c5ce45715e0d2203137acc82caa9d5985c,5/9(木) 18:37
2024-05-10,07:16,life,ライフ,25,ねとらぼ,日本人はなぜか一発で読めちゃう!?　外国人には「ミミズ」にしか見えない“ふしぎなひらがな”が反響呼ぶ　「読める…読めるぞ…!!」,https://news.yahoo.co.jp/articles/1db5e31fe712ab43ae4e22955fcefa4a7f7b5752,5/8(水) 21:15
2024-05-10,07:16,life,ライフ,26,ねとらぼ,最も強いと思う日本の武道・格闘技はどれ？　3競技を紹介！,https://news.yahoo.co.jp/articles/a3046f32310e179afa3a908de91d4d4d4ba0a9b5,5/9(木) 21:20
2024-05-10,07:16,life,ライフ,27,大手小町（読売新聞）,真美子さんが持つバッグの抜群の宣伝効果はエルメス「バーキン」並み？,https://news.yahoo.co.jp/articles/50dcc4b4e0948962907a8000218e8ba5dc4002b0,5/9(木) 12:12
2024-05-10,07:16,life,ライフ,28,マイナビニュース,ホンダの新型「フリード」がコンパクトミニバン市場を変える?,https://news.yahoo.co.jp/articles/1fa591423d40080e7d0166e844cbe65dfdc94c6f,5/9(木) 12:11
2024-05-10,07:16,life,ライフ,29,ENCOUNT,大学生の娘が赤面「目立つし恥ずかしい」　日本に数台の貴重な愛車は「ヤフオクで」,https://news.yahoo.co.jp/articles/de81287f6d0a3491867c00678092cd826552cbec,5/5(日) 11:10
2024-05-10,07:16,life,ライフ,30,まいどなニュース,「子どもにSwitch買う？」→購入したら…「取り違い」「すり替え」トラブルが話題　買ったらすぐやるべき対策とは？,https://news.yahoo.co.jp/articles/c1c874feead39637c374da03d261e358db6e9d6e,5/9(木) 6:20
2024-05-10,07:16,life,ライフ,31,Hint-Pot,日本移住したニュージーランド人　夫の“転勤”で生活の違いに驚愕　母国では「絶対にやらない」こととは,https://news.yahoo.co.jp/articles/77acabcfd06ed6988b819a0d222750f0a43e7dcb,5/9(木) 17:08
2024-05-10,07:16,life,ライフ,32,ELLE DIGITAL,狭いベッドルームで避けたい5つの間違い！ インテリアデザイナーが警告,https://news.yahoo.co.jp/articles/eafe2de44b25e96aee92f54491f923f3549ab085,5/9(木) 20:40
2024-05-10,07:16,life,ライフ,33,BuzzFeed Japan,ワークマンの「サポーター付きパンツ」腰痛対策になってすごい！姿勢がラクになるし、これが1900円はコスパ抜群。,https://news.yahoo.co.jp/articles/a3d258d936aaaeb11ba37c83811290b4b6659031,5/8(水) 21:05
2024-05-10,07:16,life,ライフ,34,Hint-Pot,「信じられない！」　日本で大人気の米菓子にアメリカ在住外国人が驚き　6種食べ比べで高評価を得たものとは,https://news.yahoo.co.jp/articles/dc5a295c0793b8dd9c9e87ff0f2d7b07ede3184c,5/9(木) 12:58
2024-05-10,07:16,life,ライフ,35,まいどなニュース,「コカ・コーラは瓶が美味しいと思う」容器によって味が違う？おいしく飲むには？　メーカーに聞いてみた,https://news.yahoo.co.jp/articles/eaca1715ce93463c1cbdf2a0150dbde033d5c6a3,5/9(木) 11:45
2024-05-10,07:16,life,ライフ,36,BuzzFeed Japan,ガストの「大人のお子様ランチ」がボリューム満点でおいしい！好きなものがギュッと詰まってて贅沢なんです,https://news.yahoo.co.jp/articles/43832f5d90b23c6d40f4361cdcd5a6adf3e4b4d7,5/9(木) 11:30
2024-05-10,07:16,life,ライフ,37,ねとらぼ,かっこいい「埼玉県のナンバープレート」ランキング！　2位は「大宮」、1位は？,https://news.yahoo.co.jp/articles/906598212210e80afa03a600064863033f2ce482,5/8(水) 17:15
2024-05-10,07:16,life,ライフ,38,Web LEON,賢い大人は知っている！ 一着あるとかなり便利な楽チンセットアップ,https://news.yahoo.co.jp/articles/4d0bda8bdc7a299518680a58b0491c00abf5a4f8,5/9(木) 7:03
2024-05-10,07:16,life,ライフ,39,LIMO,「オッサン面すぎないか？」生後9カ月とは思えぬ貫禄の子猫　普段のきゅるん顔とのギャップに笑ってしまう,https://news.yahoo.co.jp/articles/7d3e00b3b2629f4820c2617a2cc0da012f10df14,5/10(金) 4:22
2024-05-10,07:16,life,ライフ,40,ほ・とせなNEWS,残業中にペットカメラを確認してみると…　暗闇に映った愛猫の様子に「ガチギレ」「早く帰らないと！」の声　このときのことについて飼い主に聞いた,https://news.yahoo.co.jp/articles/dd9fe65b45bc8886129056b90be854d0112d67dd,5/8(水) 11:30
