scrp_date,scrp_time,genre_en,genre_jp,rank,media_jp,title,link,date_original
2025-09-18,15:10,business,経済,1,ITmedia ビジネスオンライン,ユニクロの「6990円」ジャケットは、どこまで通用する？　「初めての顧客訪問」「大事な契約」　専門家に聞いて分かった“意外な”事実,https://news.yahoo.co.jp/articles/b9ee87d93316ace27f1184532831de4232da4eec,9/18(木) 5:45
2025-09-18,15:10,business,経済,2,みんかぶマガジン,「走行距離課税」導入検討する政府に国民絶望…「自動車税負担、日本は米国の23.4倍」経済アナリストが指摘,https://news.yahoo.co.jp/articles/9194fbed7a433082e2b4ba394d10d1998d652025,9/18(木) 9:10
2025-09-18,15:10,business,経済,3,LIMO,「65歳以上の仕事事情」どんな業種で働いている？【65歳以上無職世帯】平均的な「貯蓄額・月の生活費・年金月額」はいくらか,https://news.yahoo.co.jp/articles/e555b7375d4b34648b84e6a51ec8ca6ecbdf8700,9/18(木) 14:11
2025-09-18,15:10,business,経済,4,LIMO,【厚生年金と国民年金】「月額10万円未満受給している人」の割合は？《次回の年金支給日は10月15日（水）》,https://news.yahoo.co.jp/articles/b138f38befb1ea9f54534879e0cc3df13abbf557,9/18(木) 14:06
2025-09-18,15:10,business,経済,5,Aviation Wire,ANA A380、エンジンカウルに貨物コンテナ接触　ホノルルで,https://news.yahoo.co.jp/articles/023bc408c3b21ad91417d70701632ad1af140b33,9/18(木) 13:55
2025-09-18,15:10,business,経済,6,ファイナンシャルフィールド,実家に住んでいたとき「生活費5万円」を親に渡していました。結婚時に「貯めていた」と言って「300万円」をもらったのですが、贈与税の対象になりますか？,https://news.yahoo.co.jp/articles/224c95f19ffa96daf39a8f1503ccabfd6d5fb3a4,9/17(水) 13:20
2025-09-18,15:10,business,経済,7,ファイナンシャルフィールド,52歳で「今からNISAなんて…」という会社員。「月4万円・年率3％」で運用すると、定年時にはいくらになる？ 65歳までの“運用益”を試算,https://news.yahoo.co.jp/articles/45528f880670a5359ee063e50d1bdf0756fb0611,9/18(木) 13:50
2025-09-18,15:10,business,経済,8,ファイナンシャルフィールド,もし「iPhone発売前」に、Apple株を“100万円分”持っていたら…今いくらになっていた？ 20年前の株価と比べてみた,https://news.yahoo.co.jp/articles/d750c60ccb257ade3ef5255ecad8113c990c2b02,9/18(木) 13:40
2025-09-18,15:10,business,経済,9,ファイナンシャルフィールド,マイナ保険証を利用中ですが、薬局から「お薬手帳もお持ちください」と言われました。マイナ保険証があれば“正確なデータ”が反映されるはずなのに、なぜですか？「命と健康」を守るポイントを解説,https://news.yahoo.co.jp/articles/0ae6b362ee106178628228b6653344086f0169b7,9/18(木) 13:50
2025-09-18,15:10,business,経済,10,関西テレビ,【速報】阪神優勝パレード　兵庫では実施せず　斎藤知事が議会で表明,https://news.yahoo.co.jp/articles/a393dfcdd1c60f24b577ad9c345a7c1f0402a3d9,9/18(木) 11:45
2025-09-18,15:10,business,経済,11,ファイナンシャルフィールド,13年乗り続けているファミリーカー。「税金が高くなるから買い換えよう」と夫に言われたのですが、買い替える方が高くつきますよね？,https://news.yahoo.co.jp/articles/648ff0aa102213b250da9035fd9ac57a44944aec,9/18(木) 13:40
2025-09-18,15:10,business,経済,12,ファイナンシャルフィールド,一人暮らしで光回線を契約していますが、接続するのは「スマホだけ」です。“毎月1GB未満”の使用量ですが、光回線を解約して「無制限プラン」にした場合、総額は安くなるのでしょうか？,https://news.yahoo.co.jp/articles/4aba3dd27613d02a181a09d37c75fc83e4ee76af,9/18(木) 14:20
2025-09-18,15:10,business,経済,13,テレビ朝日系（ANN）,iPhone17発売前　型落ちや中古を売る人が増え買う人も増加　“古すぎスマホ”に注意点,https://news.yahoo.co.jp/articles/3bc65e2fe77f9270537a412aaebad1a3c839a098,9/18(木) 12:27
2025-09-18,15:10,business,経済,14,ファイナンシャルフィールド,【2025年10月から】「ヤマト運輸」が値上げ！ 東京から荷物を送る場合、「ヤマト・佐川・ゆうパック」どれがお得？ 値上げの背景も確認,https://news.yahoo.co.jp/articles/cbef427da6cbf3a52e71abc39e87c7c90f9ee958,9/18(木) 13:30
2025-09-18,15:10,business,経済,15,ファイナンシャルフィールド,家電量販店で買い物をした数日後、「店頭でクレジットカードが悪用されている」という電話が…！ こんな時どうすればいいの!?,https://news.yahoo.co.jp/articles/f02592bb26e4a1bf9b85a7268befb6ec64ea35f6,9/18(木) 13:10
2025-09-18,15:10,business,経済,16,ファイナンシャルフィールド,車のエンジンを何度も入り切りしていたら夫に「バッテリーが消耗するよ」といわれました…車のバッテリーが切れたら交換にはいくらくらいかかるの？,https://news.yahoo.co.jp/articles/5fa319c31135de0013a185c851f4d29f7f325761,9/18(木) 13:20
2025-09-18,15:10,business,経済,17,ファイナンシャルフィールド,40歳で「年収500万円」です。妻は扶養内パートで「100万円」稼いでいますが、将来年金だけで「月25万円」の生活は可能でしょうか？ 夫婦の“受給額”を試算,https://news.yahoo.co.jp/articles/9873979e07bd00b97b554ce2d38e8efb6087dd01,9/18(木) 13:50
2025-09-18,15:10,business,経済,18,LIMO,【厚生年金】「繰下げ受給」を活用すれば「最大84％」年金が増額に。デメリットはあるの？,https://news.yahoo.co.jp/articles/3c3a0b21cf16c92f2eac5fc4f4214443588b9efe,9/18(木) 11:21
2025-09-18,15:10,business,経済,19,Finasee,【ふるさと納税】“ポイント付与終了”で駆け込み寄付している人は知らない…「今のおトク」の先にある「残念な現実」,https://news.yahoo.co.jp/articles/99a1f8e07099a66ff4f89a49505ba4260fafcb31,9/17(水) 21:26
2025-09-18,15:10,business,経済,20,バイクのニュース,車検も車庫証明も不要、普通免許で運転可、100kmを80円で走れる3人乗りトライク 「VIVEL TRIKE（ビベルトライク）」 神奈川県伊勢原市のふるさと納税返礼品に採用,https://news.yahoo.co.jp/articles/e647994c88d21349e47532efa26e35e60231fa18,9/18(木) 6:55
2025-09-18,15:10,business,経済,21,毎日新聞,万博スタッフ、閉幕直前に争奪戦　注目集める「即戦力のおもてなし」,https://news.yahoo.co.jp/articles/2bbddc67d032dd97344ce76afd111c46c53f6b5d,9/18(木) 13:10
2025-09-18,15:10,business,経済,22,くるまのニュース,クルマに「謎の“ちょうちょ”マーク」 一体どんな意味？ 知らない人もかなり多い「新しい標識」はとても重要な“サイン”だった 「認知の低さ」で浸透にはまだ課題も,https://news.yahoo.co.jp/articles/fa59810fe659a10e12124d8f56422c3522d38a0f,9/16(火) 9:10
2025-09-18,15:10,business,経済,23,帝国データバンク,首都圏への本社移転、過去10年で最多　5年ぶり「転入超過」へ,https://news.yahoo.co.jp/articles/0d3e7bbe07faa49f5fa113c311e919614c1b416a,9/18(木) 10:00
2025-09-18,15:10,business,経済,24,Finasee,【意外な結果】「S&P500」と野村證券売れ筋アクティブファンド6本の2025年初来パフォーマンスを比べてみたら？,https://news.yahoo.co.jp/articles/b3e69903089ae0a09343f3d7761e3ffbb30d537e,9/18(木) 11:52
2025-09-18,15:10,business,経済,25,Bloomberg,FRBが今利下げする理由－米経済の多くの部分が既にリセッション状態,https://news.yahoo.co.jp/articles/10471695be6fb75a239a40d2dfb05443f946c7fe,9/18(木) 13:22
2025-09-18,15:10,business,経済,26,西日本新聞,【続報】 LVMH系ファンドが福岡の関家具買収を発表　春田秀樹社長は続投、創業者の関氏は名誉会長に,https://news.yahoo.co.jp/articles/2cdebef29132d05530c4b9eed082972ed971c463,9/18(木) 14:01
2025-09-18,15:10,business,経済,27,ファイナンシャルフィールド,【イーサリアム】過去最高の「1ETH＝70万円」に到達！ 友人は「そんなに危なくない」と言いますが、今始めるのってアリですか？ 急騰の背景も解説,https://news.yahoo.co.jp/articles/29bcd28d48257c60a477ebc61c9fd5b4d2545e6c,9/18(木) 13:30
2025-09-18,15:10,business,経済,28,ファイナンシャルフィールド,iPhoneユーザーは要注意⁉ アプリ料金の支払時に発生する「Apple税」とは？Android版との金額差はどれくらい？,https://news.yahoo.co.jp/articles/a96432c6adeed33d49dabe6d607019d199e88d83,9/18(木) 11:40
2025-09-18,15:10,business,経済,29,みんかぶマガジン,小泉進次郎でも高市でもない「一部メディア」大絶賛の首相候補とは！「知中、増税、バラマキ…」国民の怒りは今日も届かない,https://news.yahoo.co.jp/articles/3afa6adf1d8c8521eed4a5c271031a95e6535b58,9/17(水) 9:10
2025-09-18,15:10,business,経済,30,LIMO,【NISAシミュレーション】40歳から「毎月3万円」積立投資、65歳で資産はいくらに？！,https://news.yahoo.co.jp/articles/32665abe0ed9db42282fa3bd1882bd0d517b3b88,9/18(木) 14:51
2025-09-18,15:10,business,経済,31,読売新聞オンライン,原産地表示ミス・原料期限切れ・食材用以外の殺菌剤使用…兵庫県香美町の「マルヨ食品」が全商品を自主回収,https://news.yahoo.co.jp/articles/4dc370f631e8dc613d0e5431101ae807da604246,9/18(木) 13:42
2025-09-18,15:10,business,経済,32,乗りものニュース,「日本最大級」の橋まもなく完成へ！ 新東名のメチャ高い難所つなぐ道路 その名前は？,https://news.yahoo.co.jp/articles/eb740d8cd7c21c9b9ec35efa4a816f246972155b,9/18(木) 7:42
2025-09-18,15:10,business,経済,33,読売新聞オンライン,万博跡地活用、「博物館整備を」…関経連会長が持論,https://news.yahoo.co.jp/articles/e7b7b65c7b930ca87f6d525e1e2424efddb9a535,9/18(木) 14:11
2025-09-18,15:10,business,経済,34,テレビ朝日系（ANN）,充実学生マンションほぼ満室　朝晩2食付き 手厚いサポート　「安心安全が魅力」保護者,https://news.yahoo.co.jp/articles/33d98207682cc9a8338f402abf0ff2d965dcec7e,9/18(木) 13:18
2025-09-18,15:10,business,経済,35,あたらしい経済,メタプラが「ビットコインジャパン株式会社」設立へ、「Bitcoin.jp」も取得,https://news.yahoo.co.jp/articles/89e9955f28511cfcb111c8c8239ecd5340f9d238,9/18(木) 13:33
2025-09-18,15:10,business,経済,36,LIMO,【生活保護】2025年10月から「生活扶助」が引き上げに。いくらになるの？今後「生活扶助」はどうなっていくのか,https://news.yahoo.co.jp/articles/27e371af44876821ba0c936f5b8730f48f549d53,9/17(水) 7:31
2025-09-18,15:10,business,経済,37,西日本新聞,ブームに火を付けながら販売休止のギリシャヨーグルト…消費者から「待ちわびていた」　森永乳業が「パルテノ」中容量タイプを九州で再販,https://news.yahoo.co.jp/articles/b33da88976f4042756b92e9fe7a3b2b942350c11,9/18(木) 12:09
2025-09-18,15:10,business,経済,38,共同通信,トヨタ、2車種9万台リコール　カメラ映像に不具合恐れ,https://news.yahoo.co.jp/articles/a59a38bcb6f2f843a80400312aaaddc7ccec0105,9/17(水) 15:50
2025-09-18,15:10,business,経済,39,食品産業新聞社ニュースWEB,ロサンゼルス発のドーナツショップ「ランディーズドーナツ」、東京・新宿にテイクアウト専門の国内2号店をグランドオープン,https://news.yahoo.co.jp/articles/4ff3ced27c2fccf976f5e154f5358fea09c34c03,9/18(木) 14:30
2025-09-18,15:10,business,経済,40,乗りものニュース,中国激怒の「イギリス軍艦」台湾海峡行く前に“海自最大の護衛艦”から燃料補給 画像が公開,https://news.yahoo.co.jp/articles/79325c41bb78c64b40b68b282c435ac92a778806,9/18(木) 6:12
