scrp_date,scrp_time,genre_en,genre_jp,rank,media_jp,title,link,date_original
2025-05-18,01:07,TTL,総合,1,Full-Count,大谷の背後にいた“超人気芸人”にX騒然「ええ、すごい」　HRで真っ先に起立「めっちゃいい席」,https://news.yahoo.co.jp/articles/7f2dcd37e9ca120cf271c505591c6f03d81fd01c,5/17(土) 21:02
2025-05-18,01:07,TTL,総合,2,デイリースポーツ,ＴＶから消えた人気ギャルタレント→５年ぶり登場　オトナ美貌で１０キロ減、１日一食「ほぼ菜食主義」明かす,https://news.yahoo.co.jp/articles/662049004dfd7f73baf27f41a100dd86ba7f6ebb,5/17(土) 17:51
2025-05-18,01:07,TTL,総合,3,ENCOUNT,妻は人気女優　35歳俳優の近影投稿にファン悶絶「ひげ！生えない人かと」「色気100%すぎてやばい」,https://news.yahoo.co.jp/articles/ae746efb46a187cd005dd360b08a63b8e32a99f2,5/17(土) 21:20
2025-05-18,01:07,TTL,総合,4,FNNプライムオンライン,大きすぎた“落書き”の代償…逮捕されて約400万円の賠償も 重要文化財に落書きした相模原市の19歳少年2人を家裁送致 消去費用約400万円も全額請求へ,https://news.yahoo.co.jp/articles/4258717693384d898f8e753636c5ca688c729682,5/17(土) 21:02
2025-05-18,01:07,TTL,総合,5,スポニチアネックス,GACKT「早いものでもうすぐ…」“実年齢”明かしネット驚き！「ウソですよね？」「信じられない…」,https://news.yahoo.co.jp/articles/898359554cb01f4d9959378cdbfa7f7638d007a3,5/17(土) 15:12
2025-05-18,01:07,TTL,総合,6,DAZN News,角田裕毅、エミリア・ロマーニャGP予選Q1イモラのターン6で大クラッシュ＆赤旗…自力でマシンを降り、メディカルでは無事と診断｜F1,https://news.yahoo.co.jp/articles/ac5b606c6b81e0227c796e93a91d74ac90688d39,5/17(土) 23:22
2025-05-18,01:07,TTL,総合,7,スポニチアネックス,27歳年上ファンと結婚の元アイドル　第1子男児出産を発表「夫婦で協力して頑張っていく」,https://news.yahoo.co.jp/articles/a54a58042b9082a870472ac3b80885cbae821c89,5/17(土) 21:03
2025-05-18,01:07,TTL,総合,8,ABEMA TIMES,元・光GENJI赤坂晃、2年半の服役中に父が死去「今でも心の中に残っている」取り返しのつかない後悔を明かす,https://news.yahoo.co.jp/articles/aa0b5d215929245669907bb14deef36639533b7e,5/17(土) 11:32
2025-05-18,01:07,TTL,総合,9,ねとらぼ,白猫だと思っていた子猫→4年後……　「ええええ」飼い主も驚いた“現在の姿”が472万再生「不思議ですね～」,https://news.yahoo.co.jp/articles/a83af912b0335d31cc7f9059f8214ab8f76b9d3e,5/17(土) 20:00
2025-05-18,01:07,TTL,総合,10,よろず～ニュース,テレビでもおなじみの美人歯科医　他界していた「まさかそこまで体調が悪いなんて」,https://news.yahoo.co.jp/articles/12e27c619190a12e5d4355a2e80ac6bfe830cfa3,5/16(金) 18:20
2025-05-18,01:07,TTL,総合,11,西スポWEB OTTO！,「別人みたい！」「誰かと思いました！」34歳人気女性タレント〝雰囲気激変ショット〟にファン騒然「新しいしーちゃんですね！」「カッコいい！」,https://news.yahoo.co.jp/articles/cf27f5b38e4431777b00f88b6272f30f7c22b499,5/17(土) 23:20
2025-05-18,01:07,TTL,総合,12,西スポWEB OTTO！,夫は13歳年上お笑い芸人、2児の母！元気印の元バラドルの近影に賞賛の声！「引き締まりボディが美しい♡」「素敵なヒップ」,https://news.yahoo.co.jp/articles/c67d672bb2c91b1295526026b4a9f304b4a86b89,5/17(土) 22:50
2025-05-18,01:07,TTL,総合,13,西スポWEB OTTO！,父は激渋・演技派俳優、母は情感派女優... 30歳女優のカフェショットに反響！「天使」「あの可愛い人は誰だ？となりました♡」,https://news.yahoo.co.jp/articles/efc8a377c30d24efa1998714279eae96e6efaafb,5/17(土) 23:10
2025-05-18,01:07,TTL,総合,14,スポニチアネックス,【F1】角田裕毅のマシンが空中で裏返しに…予選開始直後に衝撃のクラッシュ　自力でマシン降りる,https://news.yahoo.co.jp/articles/510e2a8a00706e098420443640891c23ea697fb0,5/17(土) 23:32
2025-05-18,01:07,TTL,総合,15,スポーツ報知,佐々木朗希が右肩痛を隠していたことにロバーツ監督が苦言「彼は率直にコミュニケーションをとるべき」,https://news.yahoo.co.jp/articles/c11ae7906481c1fb335472a7af1a800e09e3f119,5/18(日) 0:10
2025-05-18,01:07,TTL,総合,16,ねとらぼ,初めてのコメダ珈琲店で「やたら高くないか？これが都会価格なんだろう」と料理を頼んだら……　“衝撃の洗礼”描いた漫画に「無茶しやがって」の声　作者に話を聞いた,https://news.yahoo.co.jp/articles/16552afd826617254584dab4bd9aedb640d88f5e,5/17(土) 10:00
2025-05-18,01:07,TTL,総合,17,ABEMA TIMES,どこに怒れば… 菅野智之に“打者がイライラ”「そらキレる」 計算通りの“空振り三振”→不満タラタラでベンチに去る「睨まれてもw」,https://news.yahoo.co.jp/articles/bccf718510d64ebadf3445f9f4fb63fc8db9098b,5/17(土) 22:02
2025-05-18,01:07,TTL,総合,18,西スポWEB OTTO！,「この子誰!?」始球式のショーパン・ポニテ美女にSNS騒然「今後贔屓しちゃうわ」「キャワイイ」,https://news.yahoo.co.jp/articles/f14ad9517d80817c3853d75bfcf41029c85b5df7,5/17(土) 23:20
2025-05-18,01:07,TTL,総合,19,時事通信,米人気歌手に敵意むき出し　トランプ氏、政権批判受け,https://news.yahoo.co.jp/articles/2d99ec82fe2c05ea39ebc4a1d13deadce05b77bc,5/17(土) 13:36
2025-05-18,01:07,TTL,総合,20,中日スポーツ,【F1】角田裕毅が予選で大クラッシュ　単独スピンでタイヤバリアーに激しく突っ込む　本人は無事,https://news.yahoo.co.jp/articles/0d19820d96809524a4552cef1b39ea9e3fbb1168,5/17(土) 23:50
2025-05-18,01:07,TTL,総合,21,ねとらぼ,あと数日でエサになる、1匹440円のマウスを育てたら……　まさかの展開が合計165万再生「言葉失った」「すごいシンデレラストーリー」,https://news.yahoo.co.jp/articles/8c1781ec5a9a740d7199ce66ee6c81eb2150349c,5/17(土) 21:35
2025-05-18,01:07,TTL,総合,22,スポーツ報知,父は高級ブランドの元社長、セレブモデルの「理想と現実…」に衝撃「かわいすぎ」「スタイルが神」「なんて愛らしい、、、」,https://news.yahoo.co.jp/articles/fc0453aa06acd143ed61e4cb67404067205307d5,5/17(土) 21:22
2025-05-18,01:07,TTL,総合,23,スポニチアネックス,巨人・阿部監督「同級生だから精神的に楽なんじゃないですかね」　先発抜てき中山V打でしてやったり,https://news.yahoo.co.jp/articles/c9f4385992e02106e67ebb18e6f12dbdf9a534b9,5/17(土) 21:12
2025-05-18,01:07,TTL,総合,24,スポニチアネックス,辛坊治郎氏「餃子の王将」の会計に驚き！「日本の物価も急激に上がってる」　「高いとか以前に」の声も,https://news.yahoo.co.jp/articles/534315ee3edccb5140b2e7220973236651cbeed9,5/17(土) 17:54
2025-05-18,01:07,TTL,総合,25,ねとらぼ,「昨年に続きリピート」ユニクロの“ギアパンツ”に評価集まる「座ったり立ったり繰り返しても負担がない」「ストレッチがきいていて、ポケットも多い…」,https://news.yahoo.co.jp/articles/c216960ba8c06bf692ceaeaee915d09cbf59a337,5/17(土) 12:10
2025-05-18,01:07,TTL,総合,26,スポニチアネックス,のん“母親”との2ショットに反響続々「二人とも素敵」「かわいい！」「きらきらしてる」,https://news.yahoo.co.jp/articles/e2525a280a9a480b1dfa6585ebc3477588095073,5/17(土) 20:29
2025-05-18,01:07,TTL,総合,27,デイリースポーツ,Ｆ１　予選Ｑ１で角田裕毅が大クラッシュ　マシンがウォールに乗り上げ一回転　自力で車を降りてコース外へ,https://news.yahoo.co.jp/articles/80703dbe04fcdced718c4b71812ace00f741e89c,5/17(土) 23:23
2025-05-18,01:07,TTL,総合,28,産経新聞,女性皇族が「国民的スーパースター」と結婚したら…読売提言「女系天皇」の危険　竹田恒泰,https://news.yahoo.co.jp/articles/4dcaa91178bf8f5e238aa1ec90da670a1726bbbe,5/17(土) 18:00
2025-05-18,01:07,TTL,総合,29,マグミクス,1度観ただけで「一生、忘れられない」　『火垂るの墓』トラウマシーンに意見相次ぐ,https://news.yahoo.co.jp/articles/0418a9b246e9fe05e410bb125368de5033781161,5/17(土) 21:00
2025-05-18,01:07,TTL,総合,30,スポニチアネックス,明石家さんま　本当に男前だなと思う2人の俳優を明かす「ほんまに格好良くて本人に言ってしまった」,https://news.yahoo.co.jp/articles/aaa7d4e068dbfe6262c9b9f13184f3e49a62513e,5/17(土) 23:02
2025-05-18,01:07,TTL,総合,31,西スポWEB OTTO！,夫は元・プロ野球選手で侍ジャパン…46歳モデル〝夫婦2ショット〟ゴルフウエア姿に羨望の眼差し「理想的!」「美男美女のカップル」「超お似合い」,https://news.yahoo.co.jp/articles/ab788b30fdd5a3018156f94d2a8b8cfc6b1fd9c6,5/17(土) 22:00
2025-05-18,01:07,TTL,総合,32,東スポWEB,田中みな実に「寝てろバカ！」と言い放った鈴木拓　関根勤は感心「なんて正論なんだろう」,https://news.yahoo.co.jp/articles/b42659d3ce9544b3e1d41ddd4a02c1a59408898b,5/17(土) 20:56
2025-05-18,01:07,TTL,総合,33,カナロコ by 神奈川新聞,日産が神奈川２工場の閉鎖検討　「まさか両方の生産拠点を…」　地元・横須賀と平塚は驚き、動揺,https://news.yahoo.co.jp/articles/d87e2d39d9ab2c24969b81287313669aedbcc023,5/17(土) 22:31
2025-05-18,01:07,TTL,総合,34,TopNews,【予選Q1順位：赤旗2回】角田裕毅＆コラピントが連続クラッシュ！大荒れの展開／F1エミリア・ロマーニャGP,https://news.yahoo.co.jp/articles/4b04e4b75ea9e0df074936a7842634ddde92b9d4,5/17(土) 23:50
2025-05-18,01:07,TTL,総合,35,MANTANWEB,＜新婚さんいらっしゃい！＞京大院修了の夫、同志社大卒の妻は「魔性の女」　恋愛初体験、振り回されても2年半待ち続け,https://news.yahoo.co.jp/articles/3fc2a78f9fb5d9fe62804303f77cc782dcabe19c,5/17(土) 19:15
2025-05-18,01:07,TTL,総合,36,西スポWEB OTTO！,昨年がん公表...デビュー38年大人気演歌歌手 64歳誕生日のスポーティーショットの近影にファン歓喜！「小学生の頃から大ファン」「元気でいてくれるだけで...」,https://news.yahoo.co.jp/articles/490d7b98f386515f1e0d97408dbf9a77a06b2218,5/17(土) 23:00
2025-05-18,01:07,TTL,総合,37,デイリースポーツ,超人気芸人　禁酒＆禁煙告白「つらい！吸いたい！全然おいしくない」に岡村隆史ら爆笑　糖尿病危険指摘され,https://news.yahoo.co.jp/articles/f496e97e98d0274f8750a481aed1d83014a31ee8,5/17(土) 20:36
2025-05-18,01:07,TTL,総合,38,ねとらぼ,「何の生き物……？」 小学生の時に飼い始めて23歳になるまで“死なない生物”の正体が判明　「永遠に生きてる」「怖いよ」,https://news.yahoo.co.jp/articles/5ed02fab5c87ceebbd8d87337d94bbe96ebff470,5/17(土) 18:15
2025-05-18,01:07,TTL,総合,39,東スポWEB,永野芽郁が舞台あいさつで涙の謝罪　ＣＭ動画全９社削除も…事態好転の「兆し」,https://news.yahoo.co.jp/articles/6216233deb2448352b860572c02aaae83b9ad2e0,5/17(土) 5:16
2025-05-18,01:07,TTL,総合,40,テレビ朝日系（ANN）,自民・小野寺政調会長“消費減税すれば物価高に”,https://news.yahoo.co.jp/articles/cc0341ce9b6f5fbb0d99d0c09224f231a6693f51,5/17(土) 17:10
