scrp_date,scrp_time,genre_en,genre_jp,rank,media_jp,title,link,date_original
2024-07-25,13:06,entertainment,エンタメ,1,スポーツ報知,人気番組に現れた「ミス東大」が「めちゃくちゃ可愛い」理科三類に現役合格の６年生　目鼻立ちくっきり,https://news.yahoo.co.jp/articles/29068b545815000d6672378e943f770e6959b687,7/25(木) 10:55
2024-07-25,13:06,entertainment,エンタメ,2,モデルプレス,「ラヴィット！」番組中に“乱闘”勃発 人気芸人が5人がかりで制止,https://news.yahoo.co.jp/articles/372bb96289b8dcd44f2d55a9dd93b47b783b290a,7/24(水) 13:30
2024-07-25,13:06,entertainment,エンタメ,3,テレビ朝日系（ANN）,チョコプラ長田庄平（44）　体調回復せず「ずっと熱下がらず死んでる」,https://news.yahoo.co.jp/articles/aba1dab299e3ddfb88c6fc59b56fea835bf0a4c9,7/24(水) 21:30
2024-07-25,13:06,entertainment,エンタメ,4,スポーツ報知,寺田心　現在の姿にネット仰天「え？」「うそだろ」「言葉失ってる」イメージ激変に衝撃,https://news.yahoo.co.jp/articles/28b8f168cee7657ba356cf113b962031bae80485,7/25(木) 5:42
2024-07-25,13:06,entertainment,エンタメ,5,ENCOUNT,飲酒・喫煙でパリ辞退の宮田笙子、海外代表ならば「厳重注意か謹慎」　元五輪仏代表コーチが見解,https://news.yahoo.co.jp/articles/26e975eec665a3b604bb6ba418049463c9c15b1c,7/25(木) 9:10
2024-07-25,13:06,entertainment,エンタメ,6,ENCOUNT,『水ダウ』逆ドッキリに芸人がガチ涙　視聴者は感動「泣きました」「愛を感じました！」,https://news.yahoo.co.jp/articles/dbc2121da1aab62b3350ac5e87e144d7772a7094,7/25(木) 9:01
2024-07-25,13:06,entertainment,エンタメ,7,日刊スポーツ,仲里依紗、自身の発言めぐる“庶民派アピール”否定「いじめっ子多くて治安悪い～」,https://news.yahoo.co.jp/articles/80e80664671a3896050eb7e0566779043f435888,7/25(木) 9:37
2024-07-25,13:06,entertainment,エンタメ,8,日刊スポーツ,へずまりゅう「奈良公園来んなや！」鹿に暴力振るった人物を直撃,https://news.yahoo.co.jp/articles/3c64e1c1ae6a187c21c8c463ead205cf23aaacc3,7/25(木) 10:58
2024-07-25,13:06,entertainment,エンタメ,9,スポニチアネックス,濱家隆一　現役東大生が明かした“親がしてくれて役に立ったこと”ランクに驚き「1位と2位のギャップ」,https://news.yahoo.co.jp/articles/b68303b72d9a440bd1897eaf166ee4542a04498a,7/25(木) 10:36
2024-07-25,13:06,entertainment,エンタメ,10,ENCOUNT,華丸、『虎に翼』涼子のお嬢様ぶりに異論　感動シーン“台無し”に大吉クレーム「うるさいな」,https://news.yahoo.co.jp/articles/d9931a9cc251958fc6a7d516e6b570ef1b1b30b2,7/25(木) 9:45
2024-07-25,13:06,entertainment,エンタメ,11,日刊スポーツ,藤本敏史、粗品に「絶対許さん」ブチギレ通達「とうとう堪忍袋の緒が切れました」,https://news.yahoo.co.jp/articles/e55099848aa2ef1d1ccd01a2fe2a50cb19240cf8,7/25(木) 11:19
2024-07-25,13:06,entertainment,エンタメ,12,産経新聞,明日の「虎に翼」　寅子（伊藤沙莉）は稲（田中真弓）にある提案をする＜7月26日放送＞,https://news.yahoo.co.jp/articles/c43ed238c0c51a9940a56342e8c2caf136b4d124,7/25(木) 8:18
2024-07-25,13:06,entertainment,エンタメ,13,日刊ゲンダイDIGITAL,柏木由紀は「3日以上」と…女性芸能人「風呂キャンセル界隈」アピール続々で“不潔ブーム”再来か,https://news.yahoo.co.jp/articles/11fea219f9acdc884fd6af0fce1ea3bb1a59ae8b,7/25(木) 9:06
2024-07-25,13:06,entertainment,エンタメ,14,スポニチアネックス,東国原英夫氏　兵庫県知事告発文書言及の元課長死亡、県は3カ月公表せずに「斎藤知事、いよいよ…」,https://news.yahoo.co.jp/articles/fcfaa80b35954e988ed6e5199ba349c20c7b37f2,7/25(木) 11:27
2024-07-25,13:06,entertainment,エンタメ,15,デイリースポーツ,品川祐　不仲の人気芸人を実名告白　若手時代に大喧嘩　酒瓶手にブチ切れ　鬼越「今でも嫌いですよね」に否定せず,https://news.yahoo.co.jp/articles/7f61d30e11a65f31cda6ef15e4f632949a527944,7/24(水) 22:04
2024-07-25,13:06,entertainment,エンタメ,16,中日スポーツ,「上から目線の傲慢さを感じる」 倉田真由美さん、男性がつい口にしがちなフレーズをバッサリ…賛同の声が続々,https://news.yahoo.co.jp/articles/d47de42a8fdf2da848d1390e7dcd35e2f2f2a1de,7/25(木) 11:57
2024-07-25,13:06,entertainment,エンタメ,17,magacol,望月理恵アナ（52）体調不良とうつ症状に苦しんだ47歳、更年期とわかって上手く付き合う方法を探して｜STORY,https://news.yahoo.co.jp/articles/384e1915bde413e1222c89b944828599bb85bb68,7/25(木) 7:00
2024-07-25,13:06,entertainment,エンタメ,18,日刊スポーツ,品川祐、仲悪い先輩芸人実名告白　酒席でブチギレ「ざけんなよ、うるせえな！」バチバチ関係,https://news.yahoo.co.jp/articles/853160b087404e9c78ef68a61670db8f0f9f0023,7/25(木) 10:49
2024-07-25,13:06,entertainment,エンタメ,19,ハフポスト日本版,「爽やかでオシャレ」安住紳一郎アナの通勤コーデが話題。後輩が“隠し撮り”でキャッチした貴重な姿,https://news.yahoo.co.jp/articles/643223600af243c82df8ce4d30fc31f01821191e,7/25(木) 11:46
2024-07-25,13:06,entertainment,エンタメ,20,デイリースポーツ,「水ダウ」あの浜田雅功でさえウルッ　楽屋泥棒ドッキリが感動結末、森香澄は号泣,https://news.yahoo.co.jp/articles/8da011647e915bc5dff988e549fd58981b71a566,7/25(木) 10:43
2024-07-25,13:06,entertainment,エンタメ,21,MANTANWEB,＜綾瀬はるか＞“原色”ベスト写真集　水着も,https://news.yahoo.co.jp/articles/9cfb4bad868805fea92ac1f857f6b79590998f88,7/25(木) 10:05
2024-07-25,13:06,entertainment,エンタメ,22,めざましmedia,第1子妊娠中のバービーが「メキシコの麻薬犯」や「女子刑務所のラスボス」に！？おもちゃになってしまった写真を公開,https://news.yahoo.co.jp/articles/4de96071848aac9ce9e7211065b478a25db19420,7/24(水) 22:09
2024-07-25,13:06,entertainment,エンタメ,23,BuzzFeed Japan,【虎に翼】「背筋がゾーッと…怖すぎ」まさかの展開に驚きの声。「闇深そう」「裏の顔がある」人物とは？,https://news.yahoo.co.jp/articles/4b2416d69bb4b3af74ab3702af8874d8a25b7f7d,7/25(木) 7:35
2024-07-25,13:06,entertainment,エンタメ,24,ENCOUNT,ミス東スポの27歳アイドル、甲状腺に悪性の腫瘍「9月に入院して手術をする予定」,https://news.yahoo.co.jp/articles/04235a7be8d866ba97c2f9397ddf4ed9f8a55dbc,7/25(木) 9:27
2024-07-25,13:06,entertainment,エンタメ,25,日刊スポーツ,キンコン西野亮廣「僕の現場で挨拶しないヤツは光のスピードでクビ」自身の「あいさつ」論明かす,https://news.yahoo.co.jp/articles/8651484306ed9d3ac13425a86797d417e2850e0a,7/25(木) 9:08
2024-07-25,13:06,entertainment,エンタメ,26,スポーツ報知,柔道界のレジェンド、激変した現在の姿にネット騒然「テレビに出ていた時より…」４年前に農家転身,https://news.yahoo.co.jp/articles/01d89b0008ed0aa15de3a07499237eac8ab5e918,7/25(木) 12:05
2024-07-25,13:06,entertainment,エンタメ,27,スポニチアネックス,川越シェフ「テレビから消えた」理由語る「11年間、黙ってたけど…」“水で大炎上”当時のやり方を反省,https://news.yahoo.co.jp/articles/6b05f2b9995f847039d1fe268ef56a5b011dee5b,7/24(水) 13:52
2024-07-25,13:06,entertainment,エンタメ,28,日刊ゲンダイDIGITAL,TOBE人材難とNumber_i全米成功に疑問符…なぜジャニー喜多川氏の性加害が足かせなのか,https://news.yahoo.co.jp/articles/7a9f030103cbc2979b795dbcdeeb6d8608312ef0,7/25(木) 9:06
2024-07-25,13:06,entertainment,エンタメ,29,日刊ゲンダイDIGITAL,「有村架純に似てきた」報道も出た姉・有村藍里の近況…5年前に美容整形手術と歯列矯正を公表,https://news.yahoo.co.jp/articles/f335c6ab68eacad11f24474cf68910266b51ea18,7/25(木) 9:06
2024-07-25,13:06,entertainment,エンタメ,30,スポーツ報知,【新宿野戦病院】未婚で妊娠し、１６歳で出産…元人気子役の激変ぶりにネット衝撃「ひっくり返ってる」,https://news.yahoo.co.jp/articles/f86415ed6cd628c17dfed5411689ee8c454ae2e3,7/25(木) 12:15
2024-07-25,13:06,entertainment,エンタメ,31,スポニチアネックス,脳内出血で療養中の清原翔「正直僕なんて忘れられるんじゃないかと思ってた」　リハビリ中の思い吐露,https://news.yahoo.co.jp/articles/d24fbc29484ab63ccb589fe5181cdcae3fef5de3,7/25(木) 12:01
2024-07-25,13:06,entertainment,エンタメ,32,デイリースポーツ,読売テレビ社長　松本人志側の「ミヤネ屋」への抗議文に「誤解があるという気がしている」,https://news.yahoo.co.jp/articles/b29a79a5d8c8ee50e569c29f9d9c67025c883716,7/25(木) 12:16
2024-07-25,13:06,entertainment,エンタメ,33,スポニチアネックス,石川佳純さん　フランス・パリの「卓球会場に来ました」スーツ姿のオフショット披露　五輪中継キャスター,https://news.yahoo.co.jp/articles/011cfa826395c62dc201bf410039ad72020257e7,7/25(木) 9:56
2024-07-25,13:06,entertainment,エンタメ,34,中央日報日本語版,「ゴキブリ宿舎に住まわせたうえ学業放棄を推奨」…ＮｅｗＪｅａｎｓの保護者が口を開いた,https://news.yahoo.co.jp/articles/d9bc6275a5f5dee931f561ccc623869baade34c0,7/25(木) 10:06
2024-07-25,13:06,entertainment,エンタメ,35,日刊ゲンダイDIGITAL,SixTONESジェシーの「ズドン」に賛否 綾瀬はるかと熱愛報道…タレント本人が取材対応するリスク,https://news.yahoo.co.jp/articles/5e3e8f16216f35b1f9a53b909aad00792a368402,7/25(木) 9:06
2024-07-25,13:06,entertainment,エンタメ,36,日刊スポーツ,高知東生、兵庫県告発文書言及の職員死亡に「知事は思い寄せて」母を自死により亡くした過去,https://news.yahoo.co.jp/articles/3b97106749f7ac960498218fa981cff46117e5c6,7/25(木) 9:40
2024-07-25,13:06,entertainment,エンタメ,37,スポニチアネックス,爆問・太田　粗品がさんま呼び捨て「今に始まったことじゃない。無茶苦茶なんだよ」,https://news.yahoo.co.jp/articles/e7a31d844c4ac3b1f78dc68fb3f6d0d54944a3d0,7/25(木) 6:30
2024-07-25,13:06,entertainment,エンタメ,38,シネマトゥデイ,「新宿野戦病院」元子役の成長に驚きの声「大人になった」,https://news.yahoo.co.jp/articles/aec3e7bb37ba04726bc59470359284c50d428c7c,7/25(木) 7:21
2024-07-25,13:06,entertainment,エンタメ,39,デイリースポーツ,「虎に翼」敢えての英語で「親友になってくれませんか？」対等な２人の象徴が美しく【ネタバレ】,https://news.yahoo.co.jp/articles/ce9adc5bfa1db6e7b0af4fb5238fc91093c62d27,7/25(木) 9:56
2024-07-25,13:06,entertainment,エンタメ,40,ENCOUNT,「足綺麗すぎ」と話題の女優、TBS朝の乱闘劇でまさかの姿　視聴者絶賛「今日もお美しすぎる」,https://news.yahoo.co.jp/articles/331393bee15ed3dfe07e41a770b152f9846b0e04,7/24(水) 19:13
