scrp_date,scrp_time,genre_en,genre_jp,rank,media_jp,title,link,date_original
2025-07-02,08:07,business,経済,1,くるまのニュース,突然…「ゴールド免許」無くなる？ まさかの無事故・無違反でも「ブルー免許“格下げ”」も…なぜ？ 知ってトクする「金色免許」を継続する方法とは？,https://news.yahoo.co.jp/articles/af63ea30ba52b24529ec2f8f29178fdfe1aa9f46,7/2(水) 7:20
2025-07-02,08:07,business,経済,2,まいどなニュース,「退職金が多すぎる」勤続59年、70代社員が年下社長に「クレーム」？→しびれる理由に反響続々「会社の宝」「日本企業の理想」,https://news.yahoo.co.jp/articles/8f8ed9e8fbda07ec1f692d0878e2d7c46008984a,7/2(水) 7:00
2025-07-02,08:07,business,経済,3,読売新聞オンライン,関税交渉でトランプ氏、日本と合意「おそらくできない」…「日本はあまりにも甘やかされてきた」,https://news.yahoo.co.jp/articles/a3d9d39fa44d1a6937bf0e772c018cd240d41e69,7/2(水) 5:36
2025-07-02,08:07,business,経済,4,LIMO,【後期高齢者医療制度】紙の保険証の有効期限は7月末まで！《マイナ保険証》を持っていない後期高齢者は8月以降どうなる？,https://news.yahoo.co.jp/articles/d04fb66976e4941becbc0f02713e6ed285458030,7/1(火) 17:52
2025-07-02,08:07,business,経済,5,Merkmal,「業界の恥さらし」 日本郵便の「トラック→軽バン代替」が配送崩壊を招く根本理由！ 物流ジャーナリストが警告する,https://news.yahoo.co.jp/articles/c33a1837039130338623637b5ea5ec2f24ea4678,7/2(水) 5:51
2025-07-02,08:07,business,経済,6,LIMO,平均貯蓄額「年収1000万円世帯」と「年収600万円世帯」の差は約1000万円。「貯蓄の内訳や共働き率」は平均でどれくらい？,https://news.yahoo.co.jp/articles/c9a2189090a9070d771a704200af9860c0ff2729,7/2(水) 6:03
2025-07-02,08:07,business,経済,7,くるまのニュース,ダイハツが「“新”タント」発表！ 新車164万円で「両側パワースライド」採用！ 快速“ターボ”も設定のめちゃお買い得仕様「リミテッド」シリーズ発売！,https://news.yahoo.co.jp/articles/fc0838740ad1fb9a6566ac5e1f605069f68120fb,7/1(火) 15:30
2025-07-02,08:07,business,経済,8,BUSINESS INSIDER JAPAN,なぜトヨタは他社の車をトヨタとして売るのか。OEMという劇薬の副作用,https://news.yahoo.co.jp/articles/22c518f3efbf1326bd4647aa9f0db8f7ec52cebf,7/2(水) 7:00
2025-07-02,08:07,business,経済,9,読売新聞オンライン,関税交渉で日本と合意「おそらくできない」…トランプ大統領が記者団に語る「３０％か３５％求める」,https://news.yahoo.co.jp/articles/720d97a88c86b1afa71075920c79d4453f18625f,7/2(水) 5:04
2025-07-02,08:07,business,経済,10,NOSWEB,託されたハコスカR：完全ノーマルのままで所有する長い歳月を経てカスタムへ,https://news.yahoo.co.jp/articles/284fa48b2ecee08b37f7ca9474dda1b8502e20c1,7/2(水) 5:05
2025-07-02,08:07,business,経済,11,ファイナンシャルフィールド,「イオン株」を持っていると「月1000円以上」の価格が戻ってくる？どんな優待制度なのでしょうか？,https://news.yahoo.co.jp/articles/6d144f745414f81362877b0cd340d8a6746151b5,7/1(火) 13:10
2025-07-02,08:07,business,経済,12,TBS NEWS DIG Powered by JNN,"子どもにも“家庭菜園ブーム”「お小遣いが稼げる」3万円超栽培キットとは?【THE TIME,】",https://news.yahoo.co.jp/articles/2812b21649b03ba244c030e41ae9889f08b02f21,7/1(火) 7:02
2025-07-02,08:07,business,経済,13,ファイナンシャルフィールド,独身の叔父が亡くなりました。相続人ではない私に「葬儀費用200万円」の請求が来たのですが、支払う義務はあるのでしょうか？,https://news.yahoo.co.jp/articles/3913a57bcc042abf69757485a0d4a1cc5174da64,7/1(火) 11:10
2025-07-02,08:07,business,経済,14,朝日新聞,工業高校の求人倍率が「異例」の20倍超え　高卒採用スタート,https://news.yahoo.co.jp/articles/a2cd6050d76f1afd7759faf9ecd091e4145c0f08,7/2(水) 6:00
2025-07-02,08:07,business,経済,15,ファイナンシャルフィールド,【給付金】申請し忘れると「3万円」の損!? 18歳以下の子どもがいると、さらに「2万円」損する可能性が！ 令和6年度“住民税非課税世帯”への給付金の内容について解説,https://news.yahoo.co.jp/articles/e028549816e678ea586e380b31cd08c58d855986,6/29(日) 17:20
2025-07-02,08:07,business,経済,16,TBS NEWS DIG Powered by JNN,“トランプ関税”に揺れる「マツダ城下町」追加関税25％の影響は…?【Bizスクエア】,https://news.yahoo.co.jp/articles/3c464e5100c23b46c1d279f363c30e823444f80b,7/2(水) 6:32
2025-07-02,08:07,business,経済,17,carview！,豊田会長が石破首相に打診“アクロバティックな提案”の中身と真意。識者が「トヨタはトランプよりも交渉が上手い」と語る理由とは,https://news.yahoo.co.jp/articles/94ead276e4592303be00de8991ad632c9e2ab4eb,6/25(水) 9:00
2025-07-02,08:07,business,経済,18,くるまのニュース,トヨタ新「“5人乗り”ステーションワゴン」がスゴイ！ 「リッター約25キロ」走る低燃費＆“専用デザイン”採用のカローラ！ めちゃ広ッ“荷室空間”も魅力の「ツーリング」最高級モデルとは？,https://news.yahoo.co.jp/articles/58aadde3d2d97a5e0e2c875adcbe1f286dfaf1b6,7/2(水) 6:10
2025-07-02,08:07,business,経済,19,Bloomberg,任天堂「スイッチ２」の販売権、取引上の対立でアマゾンが失う－関係者,https://news.yahoo.co.jp/articles/2475b2d1b67dac091be4a0768f4f6dce88998cbf,6/30(月) 20:32
2025-07-02,08:07,business,経済,20,FNNプライムオンライン,【理由】北千住の路線価が26％急上昇で10年前の3倍に…専門家「価格と利便性のバランスいい」　“ネクスト・北千住”は「赤羽駅周辺や城東エリア」,https://news.yahoo.co.jp/articles/e8ff32c68fb84388d5316fbc6a26ad76a1c18945,7/2(水) 7:13
2025-07-02,08:07,business,経済,21,乗りものニュース,夜行フェリーなのにほぼホテル!? ゴロ寝の大部屋から“ヒミツの個室”まで 本州―北海道の人気航路で“異彩を放つ1隻”に乗った,https://news.yahoo.co.jp/articles/9f7ce4430a4c4e072f11fc5efa4761c9dc5959ed,7/1(火) 16:42
2025-07-02,08:07,business,経済,22,Webikeプラス,ヤマハ70周年記念！ YZF-R7赤白カラーでオランダGP決勝に出走決定 プリマ・プラマック・ヤマハとモンスターエナジー・ヤマハともに,https://news.yahoo.co.jp/articles/5de48b2017e8a699cfb6824a83133909176b3f57,7/2(水) 6:40
2025-07-02,08:07,business,経済,23,西日本新聞,「佐世保で一番」米海軍と海上自衛隊に特化した“船のお医者さん”　艦船補修で育んだ力を新事業へ、挑戦続ける2代目,https://news.yahoo.co.jp/articles/384d91248723e27b27436f0cd1f59fcc0ccc83e4,7/2(水) 7:01
2025-07-02,08:07,business,経済,24,共同通信,米FRB議長、圧力屈せず　今月利下げ決定に含み,https://news.yahoo.co.jp/articles/0d52284e9a83ac47d8e4e6eceae7136774d1b9e7,7/2(水) 6:47
2025-07-02,08:07,business,経済,25,賢者の選択サクセッション,アルミ建材の内装会社、借金かさみ介護事業へ参入　社名に「工業」で信用得られず、それでも再起した2代目,https://news.yahoo.co.jp/articles/d33390b92a8d9b23be39d46f5f6650877b9b5288,7/2(水) 6:32
2025-07-02,08:07,business,経済,26,47NEWS,孤独な管理職、助言は社外メンターから　現役の大手コンサルや経営者が“上司代行”,https://news.yahoo.co.jp/articles/be5e10e3fdac17f071e5e2c6382e45157578a57b,7/1(火) 9:02
2025-07-02,08:07,business,経済,27,読売新聞オンライン,法人税収は「バブル期」以来の高水準、税収全体の上振れで「赤字国債」５兆円分取りやめへ,https://news.yahoo.co.jp/articles/ae84f0b3d3d1ac9992961ff3dd76742d325e3004,7/2(水) 5:00
2025-07-02,08:07,business,経済,28,FNNプライムオンライン,「大阪第三の拠点“ヒガシ”構想」注目の“森ノ宮エリア”　大学新キャンパスや地下鉄新駅誕生で新たな街に,https://news.yahoo.co.jp/articles/14bff3e888766737966705c1897b9354df26a39f,7/2(水) 5:04
2025-07-02,08:07,business,経済,29,共同通信,NY株式　　　1日終値,https://news.yahoo.co.jp/articles/b50d2d66732dedc27b6a05ba663586f824daf2b1,7/2(水) 5:40
2025-07-02,08:07,business,経済,30,LIMO,【シニア世帯の暮らし】みんなの平均貯蓄額・平均年金月額・ひと月の生活費はどれくらい？,https://news.yahoo.co.jp/articles/641ab9a1179176a615d71c4abfed97fbe5e01a55,6/25(水) 11:22
2025-07-02,08:07,business,経済,31,読売新聞オンライン,日銀・植田総裁、悩んでいること問われ「エスプレッソ飲んだら眠れず」…ジョークで会場沸かせる,https://news.yahoo.co.jp/articles/c27a17c81b29c22d70d7527e453e0cb4260c29f2,7/2(水) 6:03
2025-07-02,08:07,business,経済,32,乗りものニュース,日本の「対艦番長」F-2導入検討――フィリピン本気？ 能力的にはバッチリだけど“現実的とは全く思えない”ワケ,https://news.yahoo.co.jp/articles/76e193f2e336021ede02fbe364987c440b91d6c0,7/1(火) 18:12
2025-07-02,08:07,business,経済,33,carview！,レクサス「IS」が14年ぶりにフルモデルチェンジへ 欧州Dセグ勢と真っ向勝負。ワゴン派生にも注目,https://news.yahoo.co.jp/articles/e8babc897ff717134069d09ba1776171cce94c25,7/1(火) 8:06
2025-07-02,08:07,business,経済,34,TBS NEWS DIG Powered by JNN,「米国のお陰なのに」トランプ氏の“怒り”からイラン空爆…原油“中東依存”日本の脆弱性【Bizスクエア】,https://news.yahoo.co.jp/articles/b8233a1068db83f9885b6d99ed7123db6c919dbd,7/2(水) 6:02
2025-07-02,08:07,business,経済,35,ねとらぼ,「何が起きてるんや」　ミスド「幻のドーナツ」発売1カ月でなお大行列……　「1度も買えず」“早期終了”の店舗も,https://news.yahoo.co.jp/articles/c6c9d6601f1069cd3ca75f7f0b20a5606d284cda,6/30(月) 17:29
2025-07-02,08:07,business,経済,36,ファイナンシャルフィールド,政府・与党が「国民1人あたり2万円」の給付を検討中！ SNSでは「減税のほうがいい」「住民税非課税世帯のほうが多いのは不満」などの声も…全員もらえるって本当？ 時期はいつ頃？,https://news.yahoo.co.jp/articles/3a3580a90674f752ce9069cfd9cfbd9b48c573b8,7/1(火) 11:31
2025-07-02,08:07,business,経済,37,LIMO,働く世帯の「平均貯蓄額」は約1500万円！「貯蓄4000万円以上ある世帯」の世帯年収は平均いくら？,https://news.yahoo.co.jp/articles/547d35f13fb8a57c8c7f0567ff7d213744a401f7,7/1(火) 6:03
2025-07-02,08:07,business,経済,38,ニュースイッチ,ダイハツ、滋賀・大分工場を一時休止,https://news.yahoo.co.jp/articles/32769f74a4af42ffdd4cebe96dfe589c976899f7,7/1(火) 15:40
2025-07-02,08:07,business,経済,39,ファイナンシャルフィールド,「51万円の壁」で年金が減る？ 働く高齢者が知っておきたい“在職老齢年金”の新ルールとは,https://news.yahoo.co.jp/articles/3e654c5dbeb4d7696c0e1fcee126f8b97cfdbf53,7/2(水) 7:40
2025-07-02,08:07,business,経済,40,BUSINESS INSIDER JAPAN,ドイツ人が豚肉を生で食べる理由。「ネギトロみたいな味」で絶品だった,https://news.yahoo.co.jp/articles/6cdc9997f6159d9adabb15fa4e625676a43cf703,7/2(水) 6:00
