scrp_date,scrp_time,genre_en,genre_jp,rank,media_jp,title,link,date_original
2025-05-05,15:10,business,経済,1,ファイナンシャルフィールド,手取り16万円、貯金ができず「将来は生活保護を」と考えています。「貯金ゼロで無収入」なら、受給できるでしょうか？,https://news.yahoo.co.jp/articles/8882f4e9f103cbb01f010891772599f31f30b57a,5/5(月) 13:50
2025-05-05,15:10,business,経済,2,ITmedia ビジネスオンライン,モスの「690円バーガー」が1700万食を突破　バーガー戦国時代に”新王者”誕生か,https://news.yahoo.co.jp/articles/655a3e50c3ea5dff74dec56504a935e243b1a398,5/5(月) 6:10
2025-05-05,15:10,business,経済,3,J-CASTニュース,代ゼミ寮にX衝撃、タワマン級で「無限に勉強できるなw」　食事付きの充実ぶり、その狙いは,https://news.yahoo.co.jp/articles/e8656c41cbb803592ebab790584428c6dc0ee250,5/5(月) 12:00
2025-05-05,15:10,business,経済,4,ファイナンシャルフィールド,52歳「年収480万円」の会社員。老後資金「2000万円」が貯まったので、妻が仕事を辞めると言い出しました。「年収360万円」でしたが、自分が60歳まで働けば大丈夫？ 老後生活をシミュレーション,https://news.yahoo.co.jp/articles/39e5bd28c61e007664418a3823d9231a4befe7af,5/5(月) 13:50
2025-05-05,15:10,business,経済,5,ファイナンシャルフィールド,高校生の娘がフリマアプリで手作りのアクリルスタンドを売っていて、月に「1万円」ほどの売り上げがあります。子どもの売上金に税金はかかりますか？,https://news.yahoo.co.jp/articles/9ba8a21d2cb2bf64adbce1acf9fc61eeb6df7dfc,5/5(月) 13:20
2025-05-05,15:10,business,経済,6,ファイナンシャルフィールド,不動産屋に勧められた「ユニットバス物件」が家賃6万円とはいえ住むにはキツイ...23区内の家賃相場を考えれば我慢して済んだ方がいいのでしょうか？,https://news.yahoo.co.jp/articles/69d6aedd6a131933d6398a918ceb968de3b541e6,5/5(月) 13:40
2025-05-05,15:10,business,経済,7,ファイナンシャルフィールド,古い車に乗り続けると「自動車税」が高くなるのはなぜ？ 13年を超えたら買い替えたほうがいい？,https://news.yahoo.co.jp/articles/40d09989e1c6c09a03f94590f3af08d626798f82,5/5(月) 14:20
2025-05-05,15:10,business,経済,8,ファイナンシャルフィールド,「夫婦共働き」で世帯年収600万円。これって多いほう？少ないほう？ みんなの平均が知りたいです,https://news.yahoo.co.jp/articles/161158f5034dd77f932809aba9eb0fe1fc79e14a,5/5(月) 11:40
2025-05-05,15:10,business,経済,9,LIMO,【新NISA・つみたて投資枠】50歳から「毎月5万円」積立投資をした場合、65歳時点での資産額はいくら？運用利回り別シミュレーション！,https://news.yahoo.co.jp/articles/f788fa199f73c0435d02ccbf31b954333f841c96,5/5(月) 14:17
2025-05-05,15:10,business,経済,10,鉄道コム,名前も色も変えてまだまだ現役！　引退したはずの「初代新快速用形式」の生き残り車両とは,https://news.yahoo.co.jp/articles/c3e14310994edca3792fc48ea74ef86bdf478060,5/5(月) 13:05
2025-05-05,15:10,business,経済,11,LIMO,【後期高齢者医療制度】2025年度の都道府県別の保険料目安額はいくら？2024年12月から保険証はマイナンバーカードと一体化,https://news.yahoo.co.jp/articles/a9f9ae65be60f4f7121dcb9e3206c403c953684e,5/5(月) 12:02
2025-05-05,15:10,business,経済,12,ファイナンシャルフィールド,20代のうちに「新車」がほしいけど、高すぎて車を持てない！ ダイハツ「ミライース」をおすすめされたけど、20代の平均年収でも買える？,https://news.yahoo.co.jp/articles/12e4a5bcc0f38ef681b60b55053aa4a56a64b3a5,5/5(月) 13:50
2025-05-05,15:10,business,経済,13,くるまのニュース,たまに見かける「謎のちょうちょ」どんな意味!? 見かけたらどうするのがイイ？ 「黄色いマーク」に対し必要な「配慮」とは,https://news.yahoo.co.jp/articles/dace8b3e339b71164567dc9639e559d9cff97ec2,4/23(水) 12:00
2025-05-05,15:10,business,経済,14,ITmedia ビジネスオンライン,大阪・関西万博、ちょっとさびしい「セブン」、エンタメ要素満載のくら寿司……各チェーンの施策に「格差」あり？,https://news.yahoo.co.jp/articles/f22d22205d7f0a0e190016587e73a807587511d9,5/5(月) 5:55
2025-05-05,15:10,business,経済,15,ファイナンシャルフィールド,マイホームに「固定資産税だけで年間15万円」って高すぎ？ 築20年の一戸建てですが、払いすぎでしょうか？,https://news.yahoo.co.jp/articles/4b428e9b7124a53733b10a620d67f39ee1b74c55,5/5(月) 9:10
2025-05-05,15:10,business,経済,16,ITmedia ビジネスオンライン,大学生でも月収50万円、浅草の「人力車」ビジネス　社長が語る「接客の本質」,https://news.yahoo.co.jp/articles/776e1efd9c836bfedf321dba2e0814a29968dfdf,5/5(月) 8:10
2025-05-05,15:10,business,経済,17,みんかぶマガジン,維新、最後の希望「カジノリゾートIR」経済効果に経済誌元編集長が疑問「あまりに危うい」幻想、雇用停滞、社会コスト増大の懸念,https://news.yahoo.co.jp/articles/566ddba318d3bd01052c00c9b6239f5bfc0d876a,5/5(月) 9:10
2025-05-05,15:10,business,経済,18,ファイナンシャルフィールド,数年前に父が亡くなり「年金生活」の母。年金額は専業主婦だと「月7万円」ほどだと思うのですが、さすがに生活が厳しいように感じます。子どもとして“援助”すべきでしょうか？,https://news.yahoo.co.jp/articles/dd72b216bf5a529d412e9349b05d520586a5b556,5/3(土) 13:40
2025-05-05,15:10,business,経済,19,MBSニュース,【速報】大阪・関西万博　GW後半の月曜日　開門前から長蛇の列「並ばない万博」掲げるも…5日の東ゲートは午前11時台まで「満員」,https://news.yahoo.co.jp/articles/fefa587369ff48d8f1f3715c182ab508aeae9595,5/5(月) 9:17
2025-05-05,15:10,business,経済,20,ファイナンシャルフィールド,昔使っていた「2つ折りガラケー」がタンスの奥から出てきました。古い機種ですが売れますかね？,https://news.yahoo.co.jp/articles/ff36bad162a145e03ce973a300ce533fb376f4ce,5/4(日) 11:10
2025-05-05,15:10,business,経済,21,くるまのニュース,リッター36kmも走る!? 「小さなエコカー」がスゴイ！ いま選ぶべき「“5ナンバー”コンパクトカー」TOP3とは,https://news.yahoo.co.jp/articles/d2260bc64f31b86831db0fc329c9ebd2e9764c06,5/5(月) 7:45
2025-05-05,15:10,business,経済,22,TBS NEWS DIG Powered by JNN,「狂ってると思います」アメリカ国民の生活に浸透する中国製品　トランプ関税の影響は「教育現場」にも【報道特集】,https://news.yahoo.co.jp/articles/bf112d45eea63249299ff78b25bb1bd98f81b657,5/3(土) 20:34
2025-05-05,15:10,business,経済,23,LIMO,【70歳代・無職夫婦世帯の老後】1ヵ月の生活費・平均貯蓄額は平均でいくら？,https://news.yahoo.co.jp/articles/4c7fa2ddb124cf83f22e131e3f64943948607b7b,5/4(日) 19:32
2025-05-05,15:10,business,経済,24,GetNavi web,日本初の安全装備も！スバル新型「フォレスター」400万円超えに納得した3つの理由とは,https://news.yahoo.co.jp/articles/d6315c02653bcabe2f65dda9d7542b4ad9f130ca,5/5(月) 9:10
2025-05-05,15:10,business,経済,25,みんかぶマガジン,ペアローンを組んで背伸びしてタワマンを購入している人たちの末路…見落とされがちなのは、管理費・修繕積立金の上昇,https://news.yahoo.co.jp/articles/dc23275cd1c685cdd37449919301731d1d7998b6,5/5(月) 9:10
2025-05-05,15:10,business,経済,26,carview！,秋発売の新型「プレリュード」は内装にも様々な賛否が渦巻く。「もっと個性を」「スケベレバー…」の真意とは？,https://news.yahoo.co.jp/articles/b479ad37ba80987e793c205e77f8749bff009878,5/5(月) 7:20
2025-05-05,15:10,business,経済,27,ニュースイッチ,日本企業が中国から生産拠点移転の動き、トランプ関税影響減らす,https://news.yahoo.co.jp/articles/0ae1eee415bcc0a307df0a415b87d4f8f3ac1518,5/5(月) 10:10
2025-05-05,15:10,business,経済,28,Merkmal,まさかの「紙の整理券」復活？ 広島電鉄「PASPY終了」でバス決済混乱！ 地域カード終焉が招く不便とは,https://news.yahoo.co.jp/articles/c0ce8191c54dbcebfdd6b284d255b5cf8ff01402,5/5(月) 9:50
2025-05-05,15:10,business,経済,29,carview！,【生産終了】18年の歴史に幕を下ろした日産「GT-R」。延命できなかった悲しい事情と、次期型の姿とは？,https://news.yahoo.co.jp/articles/9096a3df535207999ae2875e349e898c2015344c,5/5(月) 13:20
2025-05-05,15:10,business,経済,30,くるまのニュース,トヨタ新「ハイエース」発表に反響殺到！「めちゃカッコイイ」「超パワフルで足回りも最高」の高評価！ “豪華インテリア”も魅力な「特別モデル」スーパーGL“DARK PRIME S”がスゴイ！,https://news.yahoo.co.jp/articles/9861d1f23fe65d8558cfa17f61914db80cd2aeec,5/5(月) 6:10
2025-05-05,15:10,business,経済,31,乗りものニュース,関越道の猛烈渋滞の終わりで「でっかい橋」を架けていたのですが… これが“渋滞撲滅のカギ”どういうことなのか？,https://news.yahoo.co.jp/articles/3faed1099c6fb4a22e1bec2ffa0e52c2441211d1,5/5(月) 12:12
2025-05-05,15:10,business,経済,32,鉄道コム,最長は驚異の「130キロ超え」！ 長距離を走る「地下鉄車両」トップランキング,https://news.yahoo.co.jp/articles/fd28b581296fa327ca07ec3e628476f3132efa3b,5/5(月) 11:05
2025-05-05,15:10,business,経済,33,鉄道コム,阪急の京都線は「ライバル会社」が建設した!?　「超特急」を抜いた逸話もある「伝説の会社」とは,https://news.yahoo.co.jp/articles/cfb95cd48c9a18643589e5c4f2be72ca5428128c,5/5(月) 12:05
2025-05-05,15:10,business,経済,34,ファイナンシャルフィールド,塾で「時給2500円」のアルバイトをする息子が、「年収400万円」の企業の内定を獲得！ アルバイトのほうが時給は高いけど、正社員として就職する“メリット”はあるのでしょうか？,https://news.yahoo.co.jp/articles/8e42c6ca5af1c16cd87d937b1348d4bfd2716ea8,5/5(月) 13:30
2025-05-05,15:10,business,経済,35,毎日新聞,4年で売り上げ3倍　人気ローカルスーパーの店長が語る「夢」,https://news.yahoo.co.jp/articles/61b92a77306fbc51bd67dc4e03dd0cbe21bc63d0,5/3(土) 11:15
2025-05-05,15:10,business,経済,36,テレビ朝日系（ANN）,対米関税交渉　アメリカ国債を売却するかどうか　〝カード”と考えていない　加藤財務大臣,https://news.yahoo.co.jp/articles/e168e12a147569792a7948ca28398cab3a69590c,5/5(月) 12:49
2025-05-05,15:10,business,経済,37,Aviation Wire,JAL A350-1000、7号機就航で9機体制　今年度11機に,https://news.yahoo.co.jp/articles/324668fd772a16a192529bd82b0f8fffde087cfe,5/5(月) 12:41
2025-05-05,15:10,business,経済,38,テレビ朝日系（ANN）,高級和牛を手頃な値段で　お得な直売会に大行列「他より半額や3分の1」,https://news.yahoo.co.jp/articles/7c5f25c95a238b5f2f1a0728d39d563876593134,5/5(月) 12:02
2025-05-05,15:10,business,経済,39,MBSニュース,【速報】大阪・関西万博　GW後半初日は11万6000人　関係者含め累計200万人に,https://news.yahoo.co.jp/articles/96a8a300fbeddcc95fe5b589ae0242ce84bb163e,5/4(日) 9:39
2025-05-05,15:10,business,経済,40,くるまのニュース,2000円で眠れるのサイコー!? 高速道路で「格安」で横になれる「ハイウェイホテル」とは 個室利用で「ひとり2400円未満」の激安プランも!?,https://news.yahoo.co.jp/articles/cbbe85ddfe29edad2a62b21bfec1063c67efaeee,4/29(火) 7:05
