scrp_date,scrp_time,genre_en,genre_jp,rank,media_jp,title,link,date_original
2024-09-02,00:06,business,経済,1,J-CASTニュース,イトーヨーカドー「33店舗閉鎖」どんどん進む　閉店決まる前から大勢が利用していたら...,https://news.yahoo.co.jp/articles/bfe57b0f5072adafc2bc7ad3fb902b2b8b1f208c,9/1(日) 19:40
2024-09-02,00:06,business,経済,2,ファイナンシャルフィールド,新幹線の「窓際席」の乗客が30分に1回は席を立ちます。指定席ですが、「通路側」の私と席を替わってもらうのはアリでしょうか…？,https://news.yahoo.co.jp/articles/b705e1698c600ce36d6bcfbc78abf36c4e523ba7,9/1(日) 15:20
2024-09-02,00:06,business,経済,3,ファイナンシャルフィールド,街中で「アルファード」に乗っている若い夫婦をよく見かけます。「600万円」はするはずなので、なぜ買えるのか不思議です。みんなそんなに高収入なのでしょうか…？,https://news.yahoo.co.jp/articles/2366924881873c2da44394102ed2ae113726eb58,8/30(金) 11:32
2024-09-02,00:06,business,経済,4,ファイナンシャルフィールド,節約のため「東京→大阪」まで車で帰省しました。妻から「来年からは新幹線で帰省したい」と言われましたが、家族4人なら車のほうが安いし“メリット”も多いですよね？,https://news.yahoo.co.jp/articles/bc8a16c9aa3bb14dc16981e1a29c908d70c87427,9/1(日) 13:40
2024-09-02,00:06,business,経済,5,VAGUE,タダモノではないフェラーリ「テスタロッサ」が驚きの価格で落札！ “1980年代の狂気”が再評価中の「チューニング界の異端児」とは,https://news.yahoo.co.jp/articles/6684725e247234572780395717ea684d9cead4c2,9/1(日) 21:10
2024-09-02,00:06,business,経済,6,ファイナンシャルフィールド,円高で「S&P500」や「オルカン」ってNGなんですか？ NISAでこの2つをメインにしていたのですが、急に1ドル「160→140円台」になり驚きました。今後どうすれば良いでしょうか…？,https://news.yahoo.co.jp/articles/b4abc23661b35d5bbbbbe975b0932e0379879d5a,9/1(日) 13:50
2024-09-02,00:06,business,経済,7,LIMO,2024年10月から社会保険適用拡大へ「106万円の壁・103万円の壁」社会保険に加入したくないパート・アルバイト従業員が確認しておくべき加入のメリット,https://news.yahoo.co.jp/articles/b419f8d016c75d03593c2deeb26e07045efcc8ba,8/31(土) 19:52
2024-09-02,00:06,business,経済,8,Merkmal,トイレ撤去で信頼失墜？ JRの“切り捨て体質”が招く鉄道危機、利用者軽視が招くトイレ行列の実態とは？,https://news.yahoo.co.jp/articles/a640ead37faeddeeb23cd7cdcd92a7d46abf8b5a,8/27(火) 5:41
2024-09-02,00:06,business,経済,9,LIMO,新NISA：50歳から「毎月5万円」の積立投資を15年間続けたら資産はいくらになるかシミュレーション,https://news.yahoo.co.jp/articles/168b44b67980fd6958a801a42b9113d4aa566b0f,8/31(土) 6:02
2024-09-02,00:06,business,経済,10,ファイナンシャルフィールド,【2024年12月2日から】これまでの「保険証」は発行されなくなる!? 1年後には「マイナ保険証」に切り替える必要があるって本当？ なくても医療は受けられる？ 今後の“保険証の扱い”を解説,https://news.yahoo.co.jp/articles/d87ae5a22409ae81f1f85bd43c975f6b00a10fc5,9/1(日) 11:30
2024-09-02,00:06,business,経済,11,くるまのニュース,爆売れの「日産車ベスト3」はどのクルマ？ “1位”は街でよく見る「小さな高級車」,https://news.yahoo.co.jp/articles/03983714b04925d9289edc5af56013251e162956,9/1(日) 21:10
2024-09-02,00:06,business,経済,12,バイクのニュース,【ディーラーに聞いてみた!!】長距離走行に向いてる原付二種ってどんな車種？,https://news.yahoo.co.jp/articles/6f6f19b844848e4fab2b7f63bb23cfc0ee8be3c3,9/1(日) 9:10
2024-09-02,00:06,business,経済,13,ファイナンシャルフィールド,夫が亡くなり、52歳で「遺族年金」を受け取っています。今後「5年で打ち切り」になると、途中から“支給なし”になるのでしょうか…？,https://news.yahoo.co.jp/articles/b74f8dfb990b8001488af3dd0f1c0860ec266541,8/28(水) 13:40
2024-09-02,00:06,business,経済,14,くるまのニュース,“216万円”から！ ホンダ「6速MT＆ターボ車」に反響殺到！ “初代NSX風”マフラー＆「反転TURBOステッカー」ありの「軽」に熱視線！,https://news.yahoo.co.jp/articles/b41309f6b3a4d34f00f88f874b1ee7d78a9e82bc,9/1(日) 7:40
2024-09-02,00:06,business,経済,15,ファイナンシャルフィールド,友人は「パチスロ」で生計を立てています。勝ったり負けたりで収入が不安定なようですが「税金」はどうなるのでしょうか？,https://news.yahoo.co.jp/articles/d51dc12c7c4aca9ef1b676935c856d49b8b16ffd,9/1(日) 14:20
2024-09-02,00:06,business,経済,16,ファイナンシャルフィールド,公務員のボーナスが「66万円」と聞きました。私は今年の夏ボーナス「20万円」だったのですが、公務員のほうが“高収入”なのでしょうか？,https://news.yahoo.co.jp/articles/ed4952085b6d9c3312679b75351491bc0101d48a,9/1(日) 11:20
2024-09-02,00:06,business,経済,17,乗りものニュース,この「個室感」よ…！ ウィラー夜行バス最新シート「ドーム」の実力 車内はカニ歩き “居住性”に全振り!?,https://news.yahoo.co.jp/articles/8a50d8bedd14740e08fa4ef04f9cd44c1dfa411d,9/1(日) 15:12
2024-09-02,00:06,business,経済,18,ファイナンシャルフィールド,妻が専業主婦で夫の年収が「800万円」と、共働きで世帯年収が「800万円」では世帯年収は同じなのにもらえる年金額が違うと聞きました。本当でしょうか？,https://news.yahoo.co.jp/articles/6d3e62da63d4097dd70fcef12b0a0076ff89d323,9/1(日) 10:10
2024-09-02,00:06,business,経済,19,くるまのニュース,まさかの229万円!? スバル最新「“スポーツ”ハッチバック」唯一のガソリン車＆最安グレードがかなりイイ！「インプレッサ ST」どんなモデル？,https://news.yahoo.co.jp/articles/a33240ace31abdc1dec9afb7c5ca0b6f9288334d,9/1(日) 10:10
2024-09-02,00:06,business,経済,20,乗りものニュース,災害派遣の自衛隊が勝手に私有地へ入っていたのですが… 法律違反では？ 彼らに権限はあるのでしょうか,https://news.yahoo.co.jp/articles/2d44d2153eafdb366da596202033c6a6b63702d6,8/30(金) 11:42
2024-09-02,00:06,business,経済,21,LIMO,【都道府県別】2024＆2025年度「後期高齢者医療制度」が値上げへ。最も保険料が高い都道府県はどこか,https://news.yahoo.co.jp/articles/12afa6f58907d609305443a83442fcb11f8a505b,9/1(日) 6:32
2024-09-02,00:06,business,経済,22,ファイナンシャルフィールド,空港で「席を譲ってください」というアナウンスを聞きました。譲ってもいいのですがきちんと補償されますか？,https://news.yahoo.co.jp/articles/bf869151d7c4a90948700c3e82c103cc83240f3b,8/31(土) 13:40
2024-09-02,00:06,business,経済,23,＆GP,レーサーレプリカ世代垂涎のヤマハ「XSR900 GP」は走りも”あの頃”の熱さを思い出させる,https://news.yahoo.co.jp/articles/3ddb5f07295e12b30e1d4599fc8cd32d6ff8c2bc,9/1(日) 21:00
2024-09-02,00:06,business,経済,24,乗りものニュース,自衛隊初の女性イージス艦長 いまは神奈川地本の「心強いボス」パイオニアならではの悩みを聞いた,https://news.yahoo.co.jp/articles/37aeb03c44829e14fa6db11a14b9d89eb897cb69,9/1(日) 9:42
2024-09-02,00:06,business,経済,25,TBS NEWS DIG Powered by JNN,"令和の「米騒動」　米不足で価格は26％上昇も""備蓄米放出せず""「消費者不在」のコメ行政【播摩卓士の経済コラム】",https://news.yahoo.co.jp/articles/3e4e5b0caff9d612897113e879ad0d7e6870c7bd,8/31(土) 14:02
2024-09-02,00:06,business,経済,26,乗りものニュース,「え、パトレイバーを操作できる!?」搭乗型ロボットを動かす計画に油圧の専門企業が本格パーツを提供！,https://news.yahoo.co.jp/articles/8c272c8cf1905d38e47397020111bee16d00fddb,9/1(日) 17:12
2024-09-02,00:06,business,経済,27,みんかぶマガジン,値上がり期待の大穴「和光市」…始発駅「座れて都内まで抜群アクセス」買える住みやすさ、コスパ最高レベルの街「スーモの〇〇ランキングでも2位？」,https://news.yahoo.co.jp/articles/302cc2f9ea07097549932156a8cbb0bf0adca9c8,9/1(日) 9:10
2024-09-02,00:06,business,経済,28,くるまのニュース,AT車のシフトレバー「2」「L」「B」どんな意味？ 実は…めちゃ「便利な機能」も！ いつ使うの？,https://news.yahoo.co.jp/articles/b7396e25e8dfb4e93338d6969aa0115bd28dc9ee,8/31(土) 7:10
2024-09-02,00:06,business,経済,29,乗りものニュース,「それダメなの!?」意外と知られていない交通規則 実は違反だった信号待ちでの行動とは,https://news.yahoo.co.jp/articles/f85e179c365f78a6611267254aaf33bb84850d9b,9/1(日) 8:42
2024-09-02,00:06,business,経済,30,LIMO,【生活保護】地方に住む月収6万円の独身男性は保護費を月額いくら受給できる？,https://news.yahoo.co.jp/articles/f29ea1cedade8dcd08fd9dded82879c13881cc01,9/1(日) 4:52
2024-09-02,00:06,business,経済,31,VAGUE,機械式とクォーツのいいとこどり！ グランドセイコーの独自機構「スプリングドライブ」20周年を祝う特別モデルの魅力とは,https://news.yahoo.co.jp/articles/a0aa7ef19066a0c1a934b5a552d8f63fa23a76ec,9/1(日) 21:40
2024-09-02,00:06,business,経済,32,ファイナンシャルフィールド,息子へ毎月「10万円」の仕送りをしています。仕送りなら年間「110万円」を超えていても税金はとられないですよね？,https://news.yahoo.co.jp/articles/bac6956be48c99c280afc610085cfc5713abf331,8/31(土) 14:10
2024-09-02,00:06,business,経済,33,くるまのニュース,6速MTのみ！ 純国産の「和製スーパーカー」正体は!? 超パワフルな「ターボエンジン」をミッドに搭載！「ガルウイング」採用した本格仕様の「SUPASSE V」が凄い！,https://news.yahoo.co.jp/articles/2b1b3b8a011bae15836db071f6f785963e6a9c31,9/1(日) 19:10
2024-09-02,00:06,business,経済,34,LIMO,年金「月額30万円」受給する人はかなりレア。現役時代の年収いくらで達成できるの？,https://news.yahoo.co.jp/articles/d5cc190cce3c5c8322245e82605b902bcda53564,9/1(日) 18:11
2024-09-02,00:06,business,経済,35,LIMO,【厚生年金】一度に「40万円（月額20万円）」を受け取れる人の現役時代の年収はいくら？,https://news.yahoo.co.jp/articles/7df79eae61ad20cdf2e13e79f35be89d6111da63,8/30(金) 4:52
2024-09-02,00:06,business,経済,36,Merkmal,サーキット発の「スイーツ」はなぜネットでバズったのか？ 5年間で15万個売れた実績、その理由とは,https://news.yahoo.co.jp/articles/547b9e917a86f758fb3d27e0437cadb3356d10c7,9/1(日) 17:31
2024-09-02,00:06,business,経済,37,くるまのニュース,マツダの「ロータリー」何がスゴイ？ 他メーカーがマネしない「夢のエンジン」!? 守り続ける理由とは,https://news.yahoo.co.jp/articles/f4398dcbde4b76c213b1843cf581704d93301788,9/1(日) 20:10
2024-09-02,00:06,business,経済,38,ファイナンシャルフィールド,給与明細で「組合費」という項目で3000円引かれています。手取りが減るので嫌なのですが、この「3000円」は何に使われているのか知りたいです。,https://news.yahoo.co.jp/articles/5eea509a6922da9e0f197d611ef43cea99bbb4ee,9/1(日) 18:10
2024-09-02,00:06,business,経済,39,バイクのニュース,他を寄せ付けないほどの人気を博したツーリングワゴン! スバル2代目「レガシィ ツーリングワゴン」とは,https://news.yahoo.co.jp/articles/b3c992d53dbe9f3c1fc5744fab57b11ae7a42484,9/1(日) 17:10
2024-09-02,00:06,business,経済,40,＆GP,ホンダ・WR-V専用の11型大画面カーナビやドラレコ搭載デジタルミラーがアルパインから今秋登場!,https://news.yahoo.co.jp/articles/1f4f8029674069df21c42c559e1fd96f54859969,9/1(日) 22:52
