scrp_date,scrp_time,genre_en,genre_jp,rank,media_jp,title,link,date_original
2024-04-14,10:46,life,ライフ,1,マイナビ子育て,パンサー尾形さん、小1娘が入学式から通学できず……不安募らせる妻にかけた言葉に「ごもっともだわ」,https://news.yahoo.co.jp/articles/320989e886f031e8efb00dcee3dcf1f015ecf7c5,4/12(金) 12:10
2024-04-14,10:46,life,ライフ,2,ねとらぼ,兄が10歳下の妹に無償の愛を注ぎ続けて2年後……　ママも驚きの光景に「尊すぎてコメントが浮かばねぇ」「最高のにいに」,https://news.yahoo.co.jp/articles/addf20fb6941e86f72ec3b641273080e0948a56f,4/14(日) 7:00
2024-04-14,10:46,life,ライフ,3,ねとらぼ,「このシステムすごくいい」　東横INNの「フードロス対策」に称賛の声　「全てのホテルに拡大してほしい」,https://news.yahoo.co.jp/articles/930fdd8559f232706d269c516b9ce5cf3461065b,4/13(土) 12:00
2024-04-14,10:46,life,ライフ,4,ねとらぼ,車検に出した軽トラの荷台に乗っていた生後3日の子猫、保護して育てた3年後……　驚きの現在に大反響「天使が女神に」「目眩が」,https://news.yahoo.co.jp/articles/0935e3f9162c79004bb8c16c24b4051d99996030,4/13(土) 22:05
2024-04-14,10:46,life,ライフ,5,ENCOUNT,退職代行から聞いてモヤモヤ　コンビニの中年女性従業員の驚くべき行動「去り方って大事なんだよな…」,https://news.yahoo.co.jp/articles/210930b93e33ad7e341a5f83416c53660d021acd,4/10(水) 10:20
2024-04-14,10:46,life,ライフ,6,Hint-Pot,羽田行き飛行機が関空に緊急着陸　超レアな“振替輸送チケット”入手　ネットは驚き,https://news.yahoo.co.jp/articles/ec18d71e83a19db2c33d2e87f4db61335dcf80c7,4/14(日) 9:10
2024-04-14,10:46,life,ライフ,7,ファイナンシャルフィールド,在宅勤務になり、昼は毎日「納豆ご飯」です。コスパは良いと思うのですが、栄養的に大丈夫でしょうか？ 卵を追加すれば問題ないですか？,https://news.yahoo.co.jp/articles/432425986b1d78239038853445aaaaed1f2f6b65,4/12(金) 11:20
2024-04-14,10:46,life,ライフ,8,Hint-Pot,「めちゃくちゃおいしかったよ」　初訪日のオーストラリア人が日本でハマった意外な食べ物とは,https://news.yahoo.co.jp/articles/1de37034cc300448ca7ac13412ef572b10380c21,4/14(日) 7:40
2024-04-14,10:46,life,ライフ,9,オリコン,思春期中の息子に作った“嫌がらせ”冷やし中華弁当が会話の糸口に？　 クラスメイトも大注目「お前のママ、おかしいな！」,https://news.yahoo.co.jp/articles/b09e864aee6bc23035e463c4cece75bd795e87a3,4/12(金) 18:00
2024-04-14,10:46,life,ライフ,10,Hint-Pot,「東京ディズニーランドでお祝いできるなんて」　親日家のスーパーモデルが2年ぶりの日本　家族の記念日ショットに反響,https://news.yahoo.co.jp/articles/7c83af92abe9814ea597a467effd51ee571e8e73,4/14(日) 9:37
2024-04-14,10:46,life,ライフ,11,ENCOUNT,新卒社会人、入社4日目で嘔吐　試用期間制度に注目「早めに見切りをつけて転職した方が」,https://news.yahoo.co.jp/articles/a0ba40526153976b9ba12e5e8e0d654eb4d7d6ac,4/14(日) 8:40
2024-04-14,10:46,life,ライフ,12,ねとらぼ,内緒で迎えた熱帯魚、親から「このこはだれ」というツッコミLINEが……　秀逸な返信に「アクアリスト言い訳使用率ランキングNo.1」,https://news.yahoo.co.jp/articles/a5d98ad5514e757704efff6d2fa0141237ae40ac,4/14(日) 8:00
2024-04-14,10:46,life,ライフ,13,LIMO,植えっぱなしでも「ほとんど勝手に育つ」ほったらかしOKの多年草5選,https://news.yahoo.co.jp/articles/f32d57557b2cd90cd287f255616b021647e531c7,4/14(日) 9:47
2024-04-14,10:46,life,ライフ,14,ファイナンシャルフィールド,節約のため、吉野家で毎日「1杯468円」の牛丼を食べています。無料なので「つゆだく」にしていますが、塩分が高くなってしまいますか？ あまり身体に良くないでしょうか…？,https://news.yahoo.co.jp/articles/b11f2223651d83937fb50b724ba7fa4865e0a533,4/13(土) 13:30
2024-04-14,10:46,life,ライフ,15,CanCam.jp,生見愛瑠（めるる）が着こなす「透けトップス」。肌見せチラリがかわいい♡,https://news.yahoo.co.jp/articles/8aecc9210f3bcbd664bda4aaabd6199a6c7b9dbc,4/14(日) 9:40
2024-04-14,10:46,life,ライフ,16,LIMO,足が疲れにくいと話題！【ワークマン】旅にも最適なパンプス&スニーカー3選,https://news.yahoo.co.jp/articles/1fe9b74aeda7685efb51055c341633066d591774,4/12(金) 19:47
2024-04-14,10:46,life,ライフ,17,LIMO,友人と「コメダ珈琲店」に行ったら満席状態　案内された「特別な席」に思わず目を疑う,https://news.yahoo.co.jp/articles/85ffcd3b247724f8ee3a2dae45116537796b80ff,4/13(土) 11:02
2024-04-14,10:46,life,ライフ,18,日刊ゲンダイDIGITAL,新入社員サマの“VIP待遇”より深刻…「アラサー教育係」の憂鬱,https://news.yahoo.co.jp/articles/9f81d010148a4ac3f092992923a648a635d90220,4/9(火) 9:06
2024-04-14,10:46,life,ライフ,19,日刊ゲンダイDIGITAL,SF作家・山本弘さんが68歳で他界…「誤嚥性肺炎」60代、若くして発症するリスク,https://news.yahoo.co.jp/articles/fbc32222ea6753eb31f5df57e169fe2abd993ba5,4/14(日) 9:06
2024-04-14,10:46,life,ライフ,20,日刊ゲンダイDIGITAL,アメリカで水道水が危機に…半分近くから危険な化学物質が検出（シェリーめぐみ）,https://news.yahoo.co.jp/articles/8964a2e3c04bdbdf89a96c0e4db26d0d74bcb4f4,4/14(日) 9:06
2024-04-14,10:46,life,ライフ,21,ねとらぼ,“誕生日が約1カ月違う双子”――超未熟児で生まれた2人が小学校入学を迎え……　元気にランドセルを背負う姿に「もう小学生だなんて感動」と270万再生,https://news.yahoo.co.jp/articles/cfd555792c7cf8f1236c5856480aa8091489607a,4/14(日) 10:00
2024-04-14,10:46,life,ライフ,22,ENCOUNT,知事訓示を聞いて「辞めようと決意」　元公務員女性、行政組織は「時代に取り残されている」,https://news.yahoo.co.jp/articles/015635f2f44e90e6f49e128d92fea1be852489b5,4/13(土) 11:10
2024-04-14,10:46,life,ライフ,23,ねとらぼ,「このヒートテック、いつ買ったっけ？」→一発でわかる“タグの見方”が600万再生　手放しどきをユニクロに聞いてみた,https://news.yahoo.co.jp/articles/3c6bfc547cfd75ada147af661746a95e26773051,4/13(土) 9:30
2024-04-14,10:46,life,ライフ,24,ファイナンシャルフィールド,子どもがコンビニで「うまい棒」を開封して「買い取り」を求められました。1本12円で、小さな子どもがしたことです。どうしても「弁償」しなければいけないのでしょうか…？,https://news.yahoo.co.jp/articles/b87dcd1c8e4198cb32efe2216a6c60fc4c22cfb7,4/11(木) 13:40
2024-04-14,10:46,life,ライフ,25,日刊ゲンダイDIGITAL,小池都知事は次の選挙で「カイロ大卒」と記すのか 学歴詐称疑惑再燃で「選挙公報」に注目集まる理由,https://news.yahoo.co.jp/articles/39c100eb1e138bb36b04b940d2b6766d800bd591,4/14(日) 9:06
2024-04-14,10:46,life,ライフ,26,ほ・とせなNEWS,「わたしはこの体が好き」身長115cmの小さな体を活かして活躍するモデル・俳優　彼女が表舞台に立つ理由とは,https://news.yahoo.co.jp/articles/3ad92d803d926c7d34c6af13cac3310257bacdb3,4/14(日) 9:22
2024-04-14,10:46,life,ライフ,27,LIMO,「ワークマンのスマホショルダーが手ぶらで快適！」絶対買いたいアイテム,https://news.yahoo.co.jp/articles/1230bfe4ed6e8ce3bb9244ddb25cb9312cfeafcb,4/5(金) 19:47
2024-04-14,10:46,life,ライフ,28,ねとらぼ,「世帯あたりの年間収入額が高い都市」ランキング！　2位は「横浜市」、1位は？【2022年版】,https://news.yahoo.co.jp/articles/fc373602d744269afe788bf8bad5d30a186b299e,4/14(日) 9:40
2024-04-14,10:46,life,ライフ,29,ねとらぼ,お花見でも大活躍する「2杯のドリンクを片手で持つ方法」　目からウロコの裏技に「えぇーーすごーーい」「やってみます！」,https://news.yahoo.co.jp/articles/11e0116d1c4f7ded120c1b74011f7519d18a4ecb,4/12(金) 10:30
2024-04-14,10:46,life,ライフ,30,LIMO,【無印良品】シンプルで使いやすい！コスパもバッチリ「ランドリーグッズ」3選,https://news.yahoo.co.jp/articles/480711602d92d215549ba7c375eb42661082ca5b,4/14(日) 8:47
2024-04-14,10:46,life,ライフ,31,よろず～ニュース,ネコは1匹も出てこないけど、ネコ好きを魅了　猛獣の“ほぼネコ姿”に萌え爆発　異色の写真集が3度目重版,https://news.yahoo.co.jp/articles/a1374f46bc37dc18e31f6f9ca915b64dd8c27c06,4/14(日) 9:00
2024-04-14,10:46,life,ライフ,32,毎日新聞,「コロナ明け」でアタマジラミ増加？　子どものプール学習も要注意,https://news.yahoo.co.jp/articles/a1fa8af562db06ec5e0038ac3d7bcefaee1638f5,4/14(日) 10:00
2024-04-14,10:46,life,ライフ,33,All About,モンスター新人が入社。軽く注意したら翌日休んでしまいました……どのように対応すべきですか？,https://news.yahoo.co.jp/articles/58df2b7d57681f9762bd4149c0aeafee6806dbea,4/11(木) 21:45
2024-04-14,10:46,life,ライフ,34,日刊ゲンダイDIGITAL,お金を貸したことがある相手…1位と2位は？ 3位は「兄弟姉妹」「恋人」,https://news.yahoo.co.jp/articles/72d6229e29eed85cea8325a7fb4f7b1c39bbb283,4/14(日) 9:06
2024-04-14,10:46,life,ライフ,35,LIMO,千葉県で撮影された「空の様子」　あまりにも不気味な虹に「別の物に見える」,https://news.yahoo.co.jp/articles/bc6ceb4a8fa6a20058a552ba38eeb114427c2b16,4/13(土) 5:17
2024-04-14,10:46,life,ライフ,36,magacol,今どき「リュック」と「通勤オシャレ」のバランスって？【コーデ12選】｜CLASSY.,https://news.yahoo.co.jp/articles/5aa88f93f45345c6846eb7248690455b02409443,4/14(日) 7:30
2024-04-14,10:46,life,ライフ,37,ねとらぼ,【社会人に聞いた】企業からの評価が高いと思う「SMARTの大学」ランキング！　2位は「上智大学」、1位は？,https://news.yahoo.co.jp/articles/1f757c452405ce3036c0693562859dc61a8e00ca,4/14(日) 9:10
2024-04-14,10:46,life,ライフ,38,オリコン,弟の夜泣きに駆け付ける11歳差兄＆10歳差姉妹の“寝かしつけ技”に反響「素敵な兄弟愛」「プロママの技」,https://news.yahoo.co.jp/articles/398bd78c7f468b8d6e20d9c03a4ce50a6f718da6,4/13(土) 11:40
2024-04-14,10:46,life,ライフ,39,BuzzFeed Japan,【スタバ】コップ代わりに使える！高級感たっぷりの「大容量ボトル」シンプルなデザインがかっこいいんです！,https://news.yahoo.co.jp/articles/b68fa9245011cf1b011d20122f5dfc8bd40138fd,4/13(土) 16:05
2024-04-14,10:46,life,ライフ,40,ファイナンシャルフィールド,スーパーで子どもが「刺し身のパック」をつついて穴だらけに！ 店から「買い取ってほしい」と言われましたが、本当に買い取る義務はありますか？ 新しいパックに包めばまた販売できると思うのですが…,https://news.yahoo.co.jp/articles/18c3980cf0b2db448b63ffbd351b8fbd278e7815,4/12(金) 13:40
