scrp_date,scrp_time,genre_en,genre_jp,rank,media_jp,title,link,date_original
2024-09-18,04:05,it-science,IT・科学,1,毎日新聞,日本だけがハンドドライヤーを禁止に　メーカー社長、国に怒り,https://news.yahoo.co.jp/articles/641f17fa2bbeff5d423b1af65975516d071fa8da,9/17(火) 11:00
2024-09-18,04:05,it-science,IT・科学,2,オトナライフ,Windows 11にアップグレードできない古いノートパソコンをChromebook化して快適にする技,https://news.yahoo.co.jp/articles/8ab0cb4518ca194e105ed8861f23fecfc1e47c45,9/17(火) 16:30
2024-09-18,04:05,it-science,IT・科学,3,ケータイ Watch,iPhone 16シリーズ、買うならどのモデル？　各モデルの違いから選び方を考える,https://news.yahoo.co.jp/articles/8ba881ea36973a715c85bebaf75f1d8fb6fc3f51,9/18(水) 0:00
2024-09-18,04:05,it-science,IT・科学,4,ITmedia Mobile,「Apple Watch Series 10」は10周年の“集大成”といえる完成度　46mmケースへの乗り換えを決断した理由,https://news.yahoo.co.jp/articles/08cb3f0360ce99ec37409f8bb44f59d37f191eff,9/17(火) 21:05
2024-09-18,04:05,it-science,IT・科学,5,オトナライフ,iOS 18がリリース、何がどう変わった？　注目したい便利な新機能をピックアップ！,https://news.yahoo.co.jp/articles/3ee87f8c95f4366583db9903dcbf6eee9c645601,9/17(火) 19:20
2024-09-18,04:05,it-science,IT・科学,6,ITmedia NEWS,iPhoneの文字入力が爆速に？　画面をスイスイ「なぞり入力」、iOS 18で日本語対応,https://news.yahoo.co.jp/articles/df767922f4547264b14dcb8cfc4c73db84d9f306,9/17(火) 20:20
2024-09-18,04:05,it-science,IT・科学,7,ねとらぼ,フーセンガムの「あたり」を磨き続けたら……　“とんでもない発想”が斜め上すぎる　「もうええやろw」「今までで一番理解できない」,https://news.yahoo.co.jp/articles/b4f9500f29c231bdba784a84724785108ecf6699,9/16(月) 8:15
2024-09-18,04:05,it-science,IT・科学,8,All About,「iPhone 16」と「iPhone 16 Pro」は何が違う？ どちらを選ぶべき？【専門家が解説】,https://news.yahoo.co.jp/articles/7c035f7e9d6b18999e40d1b5ae5ae459f90cf821,9/17(火) 21:25
2024-09-18,04:05,it-science,IT・科学,9,ITmedia NEWS,「グラブル」が緊急メンテナンス　レアアイテム「純然たる斧の魂」がドロップする不具合発生　回収対応へ,https://news.yahoo.co.jp/articles/efb736166b1f39bb248aaa2824a05d993e94c4f9,9/17(火) 18:42
2024-09-18,04:05,it-science,IT・科学,10,朝日新聞デジタル,光使う新量子コンピューター来年度にも実現へ　東京大チーム起業,https://news.yahoo.co.jp/articles/2c860b1b4dc5d2d85b48efa10ff5ad49fbbd1e19,9/18(水) 0:00
2024-09-18,04:05,it-science,IT・科学,11,All About,高機能だと思うエアコンのメーカーランキング！ 2位「パナソニック」、1位は？ 【家電のプロが解説】,https://news.yahoo.co.jp/articles/6ecf61fcd99ba6359c08c3452d9a3a3435af63e8,9/17(火) 20:35
2024-09-18,04:05,it-science,IT・科学,12,BuzzFeed Japan,3歳の娘のために『アンパンマン』をリモコンで検索したら、とんでもない結果に⇒「よりにもよって！！」「突然のトラウマ映画は草」と反響続出,https://news.yahoo.co.jp/articles/7cf4512115ee1e840a3ac3ce1011332e16d3fac6,9/17(火) 21:05
2024-09-18,04:05,it-science,IT・科学,13,読売新聞（ヨミドクター）,高校2年の時に発達障害と診断され　不登校になった男子生徒…「大学生活は楽しい」　障害が「その人らしさ」に変わったワケ,https://news.yahoo.co.jp/articles/d452368594d2f6a637ae5741669987b78dc93a51,9/17(火) 17:40
2024-09-18,04:05,it-science,IT・科学,14,BuzzFeed Japan,「下北沢の月ってこんなにでかいんですか？」空を覆いつくす巨大な月が出現してSNSに衝撃。その正体とは？,https://news.yahoo.co.jp/articles/962ef25bcee946f20a0ba7598f210828e85edcbe,9/17(火) 19:00
2024-09-18,04:05,it-science,IT・科学,15,ハフポスト日本版,歩きスマホを確実に「キル」してしまう場所が、愛知県春日井市にあった。,https://news.yahoo.co.jp/articles/b283023330be449f11572622607a9a9d41ab0eaa,9/17(火) 16:46
2024-09-18,04:05,it-science,IT・科学,16,読売新聞オンライン,旧暦基準の「中秋の名月」、２０３３年には決まらない恐れ…専門家「２回祝ってもいいのでは」,https://news.yahoo.co.jp/articles/a1523610920e0eb784d274f1f00c6594f47177fe,9/17(火) 22:19
2024-09-18,04:05,it-science,IT・科学,17,ITmedia Mobile,UQ mobileで「iPhone 14」「iPhone 15」を9月20日発売　スマホトクするプログラム利用で実質約1万円から,https://news.yahoo.co.jp/articles/0d4610b4ec6738f445c7c6ca574b2a1021e40416,9/17(火) 18:33
2024-09-18,04:05,it-science,IT・科学,18,ギズモード・ジャパン,iOS 18がきた！「iPhoneの印象を変えられる新機能」5選,https://news.yahoo.co.jp/articles/f699f4f3e5b655c3a3db36be5814494379be7e0c,9/17(火) 19:00
2024-09-18,04:05,it-science,IT・科学,19,Fav-Log by ITmedia,【車中泊歴6年半】きっかけは“DIYしたバン”　中古のバンが大満足に仕上がった理由と、秋・冬に積んでおきたい快適アイテムを紹介,https://news.yahoo.co.jp/articles/089f494b2d998f50a48804934cba4e64d26a904d,9/17(火) 18:38
2024-09-18,04:05,it-science,IT・科学,20,ねとらぼ,【FF】初心者におすすめしたい「ファイナルファンタジーのナンバリングタイトル」はどれ？　3作品を紹介！,https://news.yahoo.co.jp/articles/2c7769451ab0f8656dce1787f723b103420ff488,9/17(火) 21:40
2024-09-18,04:05,it-science,IT・科学,21,ITmedia NEWS,アマゾン「プライム感謝祭」10月開催　100万点以上が48時間限定で特別価格に,https://news.yahoo.co.jp/articles/5b1c2f1adcf0304ed3a81214699018907f4f33de,9/17(火) 18:36
2024-09-18,04:05,it-science,IT・科学,22,よろず～ニュース,グリーンランドの地震、地球を9日間揺らしていた！発生した地すべりと津波が原因　英大学の研究で判明,https://news.yahoo.co.jp/articles/3114e57d2c903c3cd2d7a4299d30cbb8ee18c7b0,9/17(火) 21:40
2024-09-18,04:05,it-science,IT・科学,23,All About,「PayPay」を安全・おトクに使いたい！ やっておきたい設定は何？ 【不正利用を防ぐ】,https://news.yahoo.co.jp/articles/72acb9e24aa339d16b0afe9c3d9cac43dbd4a7a0,9/17(火) 20:15
2024-09-18,04:05,it-science,IT・科学,24,ITmedia Mobile,Apple、まだ「iOS 18」にしたくない人のためのセキュリティ更新「iOS 17.7」も公開,https://news.yahoo.co.jp/articles/b0e8998cad7fd2e3e1dc68cd3e1ffdb296b3eb85,9/17(火) 9:53
2024-09-18,04:05,it-science,IT・科学,25,オトナライフ,凄過ぎる！iPhone 16と16 Proがとんでもないパワーアップ！以前のモデルとどのように変わったのか？＜みずおじさん＞,https://news.yahoo.co.jp/articles/52f9d839474f46df6e8d1c1c8fe09448d7a1db8b,9/11(水) 8:02
2024-09-18,04:05,it-science,IT・科学,26,ITmedia PC USER,試して分かった10周年モデル「Apple Watch Series 10」　消えない秒針と見やすくなったディスプレイ、新たな健康機能が魅力,https://news.yahoo.co.jp/articles/c482584c5aaba833c2cf0f383ce3a9e43f5cf391,9/17(火) 21:05
2024-09-18,04:05,it-science,IT・科学,27,Fav-Log by ITmedia,今売れている「ミニコンポ・セットコンポ」おすすめ3選＆ランキング　省スペース、置いてすぐにリスニングできる一体型をピックアップ/ハイレゾ対応モデルも【2024年9月版】,https://news.yahoo.co.jp/articles/08b8dc45a320a629daad50e6f8f636a515244a9e,9/17(火) 12:10
2024-09-18,04:05,it-science,IT・科学,28,ITmedia NEWS,Amazon、社員に週5出社求める　フリーアドレス制も廃止,https://news.yahoo.co.jp/articles/062eb0245c60da0446c18c1649258f462077b7bd,9/17(火) 13:21
2024-09-18,04:05,it-science,IT・科学,29,テクノエッジ,iPhone 16が「毎月3円・1年間36円」のカラクリ。実際の支払い総額はいくら？　1年後返却(下取り)のソフトバンク「新トクするサポート（プレミアム）」はお得か,https://news.yahoo.co.jp/articles/1c31af2a0bc1977af6e45dd4f38d6ed389473169,9/17(火) 11:43
2024-09-18,04:05,it-science,IT・科学,30,読売新聞オンライン,「鼻つまみ者」カメムシ、今秋も大発生するのか…青リンゴのような甘い香りがする個性的なタイプも,https://news.yahoo.co.jp/articles/b20082db3088988cc8e7ff6eb76f6e703ba89da8,9/17(火) 5:00
2024-09-18,04:05,it-science,IT・科学,31,ITmedia NEWS,「iOS 18」の新機能一覧　カスタマイズの自由度アップ、特定のアプリをFace IDでロックできる機能など,https://news.yahoo.co.jp/articles/606a0460a00c427dbd4640cb8f672936c1d88212,9/17(火) 22:39
2024-09-18,04:05,it-science,IT・科学,32,Fav-Log by ITmedia,今売れている「電動自転車」おすすめ3選＆ランキング　クロスバイク仕様で毎日の通勤通学にも使える！　8万円前後で買える折りたたみ式も【2024年9月版】,https://news.yahoo.co.jp/articles/a506307e00a1c301635534afe1c478c4dd126e50,9/16(月) 14:53
2024-09-18,04:05,it-science,IT・科学,33,オトナライフ,「洋楽離れ」は本当に起きている？　YouTubeの再生回数チャートから読み解く,https://news.yahoo.co.jp/articles/99a5c24dad44170aaad401e8c0f64079f69ccba2,9/17(火) 12:05
2024-09-18,04:05,it-science,IT・科学,34,アスキー,【超驚愕】最大23万マイル以上もらえるクレジットカード　凄まじいキャンペーン徹底解説します,https://news.yahoo.co.jp/articles/9c5212b9c248fc0daeb567b453c3cf9d23ef844c,9/17(火) 7:00
2024-09-18,04:05,it-science,IT・科学,35,CoinDesk JAPAN,ビットコイン、5万9000ドルに迫る──先物市場はFRBの大幅利下げの可能性が67%と予想,https://news.yahoo.co.jp/articles/44124b736eb41be53c3eedfdd232fd019ccddf98,9/17(火) 17:30
2024-09-18,04:05,it-science,IT・科学,36,ねとらぼ,121年前に投函された絵はがきが届いた……！　宛先の人物を探す英国の投稿が話題呼び、心温まる結果に,https://news.yahoo.co.jp/articles/3f684903504056c15a85274aa3d61f88cacb545e,9/17(火) 20:40
2024-09-18,04:05,it-science,IT・科学,37,アスキー,【先行レビュー】Apple Watch「Series 10」史上最薄のケースを実現できた理由,https://news.yahoo.co.jp/articles/c4015075e2b6b45685289368859ee1d25fcd0250,9/17(火) 21:00
2024-09-18,04:05,it-science,IT・科学,38,ケータイ Watch,シリーズ史上最も薄くなったApple Watch Series 10は節目の年に何を目指したのか,https://news.yahoo.co.jp/articles/b2dc754dde429181f05be05719a25142c47f15a0,9/17(火) 21:00
2024-09-18,04:05,it-science,IT・科学,39,ITmedia Mobile,悩めるiPhone 16 ProとPro Maxの選び方　そして筆者がPro Maxを選ばない理由,https://news.yahoo.co.jp/articles/74873de1eb1f70832b82fb15fe47d82724793bcd,9/13(金) 17:20
2024-09-18,04:05,it-science,IT・科学,40,ケータイ Watch,UQ mobileで「iPhone 14」「iPhone 15」、20日発売,https://news.yahoo.co.jp/articles/3659da0aa2fc34df93bd187a35bdb57e0ab40258,9/17(火) 10:29
