scrp_date,scrp_time,genre_en,genre_jp,rank,media_jp,title,link,date_original
2024-05-27,16:18,entertainment,エンタメ,1,スポニチアネックス,元アイドル「今まで会った中で一番ヤバイ」共演した女優の“裏の顔”にビックリ「カメラが回ると…」,https://news.yahoo.co.jp/articles/1f4f6726033ce74918fcb3f7e8bb5333bf721011,5/27(月) 11:42
2024-05-27,16:18,entertainment,エンタメ,2,ABEMA TIMES,辻希美（36）、16歳長女によるメイクで大変身「こんな可愛いお母さん羨ましい」と話題に,https://news.yahoo.co.jp/articles/41cacb8469e8b03de0c58c22c51bcbbd1bdd28d7,5/27(月) 13:39
2024-05-27,16:18,entertainment,エンタメ,3,日刊スポーツ,藤本美貴、子供が持ち帰る上履きは「洗ってないです」理由に感銘受けた中越典子「師匠だ」,https://news.yahoo.co.jp/articles/a2440a7c925131d52e0e5e6be4f4212b72ff3e20,5/26(日) 18:56
2024-05-27,16:18,entertainment,エンタメ,4,スポーツ報知,貴乃花氏の美人娘が「めちゃかわいい」２２歳のドレス姿が素敵…９頭身スタイルで芸能界デビュー,https://news.yahoo.co.jp/articles/c4f4e2b0c2ca14b74940378e131b3ca0ec1e73af,5/27(月) 14:55
2024-05-27,16:18,entertainment,エンタメ,5,日刊スポーツ,粗品「とある先輩芸人と大喧嘩」告白「マナー悪いやろお前」と詰め寄り…相手の名前明かし反省も,https://news.yahoo.co.jp/articles/7b0bf0ab684a0bc305efb03ab78037b56583d5c1,5/27(月) 11:40
2024-05-27,16:18,entertainment,エンタメ,6,スポニチアネックス,稲垣吾郎の“絶対NG”な仕事は…収録現場でメンバー1人拒否し香取慎吾も「揉めた」「みんな空気悪く」,https://news.yahoo.co.jp/articles/48a2801c29ef92750772c94277da3ad66a1185b0,5/27(月) 13:56
2024-05-27,16:18,entertainment,エンタメ,7,スポニチアネックス,三浦貴大「新幹線乗ったらその車両がほぼ全席…」部外者ただ一人の状況に困惑も　まさかの配慮に喜び,https://news.yahoo.co.jp/articles/7e4972d7fbe53b7ec5910689a52e237ccf84988f,5/27(月) 10:50
2024-05-27,16:18,entertainment,エンタメ,8,日刊スポーツ,元フジアナ、アイドル時代共演”奇跡の61歳”ダンサーと久々再会「懐かしい」の声相次ぐ,https://news.yahoo.co.jp/articles/216b0d3b5392eb069f7e23623c9fa19c8e564055,5/27(月) 15:28
2024-05-27,16:18,entertainment,エンタメ,9,MANTANWEB,＜黒田知永子＞「いつかまた乗りたいなぁ」手放した高級外車との2ショット公開　「さすがのセンス」「本当に美しくてカッコいい」の声,https://news.yahoo.co.jp/articles/ec784e2f389b5b765e42c11e7fe57cbf83bfc263,5/27(月) 15:11
2024-05-27,16:18,entertainment,エンタメ,10,スポーツ報知,ＧＬＡＹ・ＴＡＫＵＲＯ、モデルの美人妻と結婚２０年の夫婦ショット！「お似合い」「素敵」子ども２人,https://news.yahoo.co.jp/articles/11245238cca936a8701a92821d2a9425996892d6,5/27(月) 11:55
2024-05-27,16:18,entertainment,エンタメ,11,中日スポーツ,『シャンプーハット』の恋さん、WIN5的中を報告…ダノンデサイル横山典弘騎手の好騎乗に感謝「さすがとしか言いようがない」,https://news.yahoo.co.jp/articles/063466f62f9eb7c548df5cacbfbe0c0b2f90f728,5/27(月) 11:20
2024-05-27,16:18,entertainment,エンタメ,12,スポーツ報知,印象ガラリの手塚理美、イケメン次男からのプレゼントに感激！「似てる」と話題…父は真田広之,https://news.yahoo.co.jp/articles/006c68a8af2584c49e1859b141bc5f3949675162,5/27(月) 13:30
2024-05-27,16:18,entertainment,エンタメ,13,まいどなニュース,ファーストサマーウイカ33歳、美文字すぎ！「10年習字習ってて良かった」　ファン驚き「直筆でしたか！」「ゾクゾクしました」,https://news.yahoo.co.jp/articles/02704be776c1134d0605b06ea3272863d52559da,5/27(月) 11:30
2024-05-27,16:18,entertainment,エンタメ,14,J-CASTニュース,へずまりゅう、「離婚します」宣言　「バカ嫁に腹が立った」「自分はもう引退したい」,https://news.yahoo.co.jp/articles/9c6e4a4fdd9442af868bb2a9ccafe6020ad25637,5/27(月) 12:59
2024-05-27,16:18,entertainment,エンタメ,15,オリコン,松嶋尚美、結婚15年の夫と初共演！レアな夫婦ショットに反響「ポップな夫婦いいっすわ」　先日は12歳長男の“初顔出し”も話題に,https://news.yahoo.co.jp/articles/2868237e082499f6395b3017eec77546c5aed3d3,5/27(月) 12:32
2024-05-27,16:18,entertainment,エンタメ,16,スポーツ報知,キングオブコントＶ→コンビ解散→「下町ロケット」「真田丸」売れっ子俳優へ　今野浩喜の飾らない美学,https://news.yahoo.co.jp/articles/aca1228bbebb0649afabc0f94febfd0a6c4d7c7d,5/27(月) 11:00
2024-05-27,16:18,entertainment,エンタメ,17,中央日報日本語版,「ルイ・ヴィトンの財閥２世と熱愛説」ＢＬＡＣＫＰＩＮＫのリサ、完璧なスタイルをアピール,https://news.yahoo.co.jp/articles/75df01fe21e7e22d1a493de0ef89caa87c52730b,5/27(月) 11:19
2024-05-27,16:18,entertainment,エンタメ,18,日刊スポーツ,山口達也さん元妻、アイドルの長男とハワイで水着ショット公開し反響「めっちゃスタイル良い！」,https://news.yahoo.co.jp/articles/bb77d14f30de6826f7377964bcd509c202021634,5/27(月) 14:38
2024-05-27,16:18,entertainment,エンタメ,19,ENCOUNT,ファーストサマーウイカの“美文字”に騒然　『光る君へ』舞台裏に驚き「まさかの直筆」「差し替え無し!?」,https://news.yahoo.co.jp/articles/26fcf7d0820e13cf2a901caf8272be81863fc093,5/27(月) 15:14
2024-05-27,16:18,entertainment,エンタメ,20,スポニチアネックス,立川志らく　蓮舫氏VS小池百合子氏の都知事選「2人とも変な疑惑みたいなのを持っている…どう転ぶか」,https://news.yahoo.co.jp/articles/13d0b210b9be0c7f8f4106ae89927e5eafec88b0,5/27(月) 13:54
2024-05-27,16:18,entertainment,エンタメ,21,スポーツ報知,Ｋｏｋｉ，高級ブランドのバッグをズラリ！セレブな私服姿に仰天　結婚願望も告白「マミーとトトに…」,https://news.yahoo.co.jp/articles/e7ed67ad8d3398bd1129821b32e6edab49f3d68e,5/27(月) 12:25
2024-05-27,16:18,entertainment,エンタメ,22,J-CASTニュース,元シブがき隊・布川敏和の18歳姪、ラウンドガール姿に反響　「とても可愛い」「美脚すぎる」...母が元おニャン子,https://news.yahoo.co.jp/articles/da5dd186e5b5e99d36102ed917c4b910dfeaec43,5/27(月) 14:09
2024-05-27,16:18,entertainment,エンタメ,23,デイリースポーツ,鈴木保奈美　神奈川の難関校出身だった！「すごくいい高校ですもん。進学校だから」偏差値６５で国公立に多数進学,https://news.yahoo.co.jp/articles/6a3431b30f18ba6dae6da8976579139ceec0d30d,5/26(日) 21:31
2024-05-27,16:18,entertainment,エンタメ,24,中日スポーツ,『清少納言ウイカ』、達筆に驚きの声相次ぐ「所作美しい」「数秒間にゾクゾク」　本人は「10年習字習っててよかった」【光る君へ】,https://news.yahoo.co.jp/articles/2d926b8380e03df449704cba5a4eb43efce23105,5/27(月) 12:53
2024-05-27,16:18,entertainment,エンタメ,25,スポニチアネックス,大谷似翔平　“真似子”との自撮り公開！　ネット衝撃「これは思い切った写真だなあと…」「ドキッとした」,https://news.yahoo.co.jp/articles/e6aea7c47a7fb8e8acdf03e41dadc5541e8c17a5,5/27(月) 9:33
2024-05-27,16:18,entertainment,エンタメ,26,オリコン,「京急蒲タコハイ駅」“中止”抗議にSNSで賛否の声「完全支持しますよ」「公共空間はこれくらい厳しいほうがいいかもね」,https://news.yahoo.co.jp/articles/23d1ec15dc26569de1c4b3bd624108bdeda42e72,5/27(月) 12:48
2024-05-27,16:18,entertainment,エンタメ,27,スポーツ報知,元「ＩＣＯＮＩＱ」、韓国人イケメン夫顔出しのマタニティーフォトに騒然「美しい」「素敵すぎます」,https://news.yahoo.co.jp/articles/7d0f167ecf2826376877c59c00ddb3ee445b43d7,5/27(月) 9:55
2024-05-27,16:18,entertainment,エンタメ,28,スポーツ報知,「４５歳だと！？」ぽかぽか登場の女性タレントにネット「ひさしぶり」「相変わらずお美しかった」,https://news.yahoo.co.jp/articles/984b538e8db2932f05c2e388a6958c5bcc269e47,5/27(月) 15:55
2024-05-27,16:18,entertainment,エンタメ,29,東スポWEB,堀江貴文氏　小池百合子氏 vs蓮舫氏の東京都知事選に嘆き「マジで泥試合」,https://news.yahoo.co.jp/articles/44f47b23ee75cd5c36ce4acd09e69a9491a8aa0d,5/27(月) 14:26
2024-05-27,16:18,entertainment,エンタメ,30,スポーツ報知,辻希美の１６歳長女、職人級の手作りリボンパンが見事！親子共演も反響「姉妹みたい」「かわいい」,https://news.yahoo.co.jp/articles/fc5063b70749dd70e90e85388d5b4ecb0b8dfa48,5/27(月) 13:55
2024-05-27,16:18,entertainment,エンタメ,31,マグミクス,引退後の元柱「宇髄さん」登場　『鬼滅』3話に原作では描かれなかった稽古内容が公開,https://news.yahoo.co.jp/articles/075e2eff97f642bc253221d8dc7e7f0f7066f7a8,5/27(月) 12:00
2024-05-27,16:18,entertainment,エンタメ,32,ENCOUNT,【光る君へ】“だだっこ伊周”に視聴者厳しい声「見苦しさの極み」「キモ過ぎる」,https://news.yahoo.co.jp/articles/43becd10e7c5900f2398a01b298bcd0b1dff7f2e,5/27(月) 11:22
2024-05-27,16:18,entertainment,エンタメ,33,スポニチアネックス,田崎史郎氏　自民の静岡知事選敗北に「4月の調査では10ポイント差…自民党は追い上げているんですが」,https://news.yahoo.co.jp/articles/5ab010edcc5bbe8db7fbc8af036d6754a2766dc5,5/27(月) 13:24
2024-05-27,16:18,entertainment,エンタメ,34,スポーツ報知,工藤静香５４歳、愛犬と２ショット！斬新な手料理も素敵「ちょっと仰天」「レシピ本ホント出して」,https://news.yahoo.co.jp/articles/b4125b77261e0a3895ce54e311e843f83e50fa9d,5/27(月) 12:15
2024-05-27,16:18,entertainment,エンタメ,35,スポニチアネックス,伊藤惇夫氏　蓮舫氏VS小池百合子氏の都知事選「総合的に小池さん有利。ただ小池さんは裏で自民と…」,https://news.yahoo.co.jp/articles/f48496e01fae666a61d425358b6e202771fd286c,5/27(月) 13:46
2024-05-27,16:18,entertainment,エンタメ,36,マグミクス,「伏線回収、間に合う？」 『ワンピース』最終章直前に描かれた「新たな謎」とは,https://news.yahoo.co.jp/articles/c719d1dd07f3524e164ea40dcb2376c7db0a6aa2,5/27(月) 11:40
2024-05-27,16:18,entertainment,エンタメ,37,中日スポーツ,元祖「小顔クイーン」45歳女優の”ノーメーク”みずみずしい近影に…「素顔でも綺麗、可愛い」「相変わらずの若々しさに感服」,https://news.yahoo.co.jp/articles/eb1ce1c0d6e18682fc5c3378908b5449166e7b37,5/27(月) 14:38
2024-05-27,16:18,entertainment,エンタメ,38,スポニチアネックス,「虎に翼」直道戦死　よね大空襲で？ネット号泣＆心配「月曜朝から…花江ちゃんの震える手…僕には分かる」,https://news.yahoo.co.jp/articles/2f21b2387763da76523cab37d123997d67ce723b,5/27(月) 8:15
2024-05-27,16:18,entertainment,エンタメ,39,ENCOUNT,3時のヒロイン・ゆめっち、飲食店オーナーと恋愛発展？　恋人候補が2人「彼氏ができるかも」,https://news.yahoo.co.jp/articles/5a1b426653c80a6b1b4839a9d4d74e9747fa6b5d,5/27(月) 12:23
2024-05-27,16:18,entertainment,エンタメ,40,シネマトゥデイ,ドラマ「ジェネラル・ホスピタル」出演俳優、銃撃され37歳で死去,https://news.yahoo.co.jp/articles/b294d507bbc43d7134c7e3732cc2f69ebc48a68e,5/27(月) 15:16
