scrp_date,scrp_time,genre_en,genre_jp,rank,media_jp,title,link,date_original
2025-09-12,18:07,life,ライフ,1,ねとらぼ,紫色のひもを、かぎ針でひたすら編んでいくと……「こういうのが欲しかった」→普段使いできるお出かけアイテムに「すっごくきれい」「初心者にもやさしい」【海外】,https://news.yahoo.co.jp/articles/6bd0bbf8a95c48fcb31e81adedc703143551e44f,9/12(金) 14:30
2025-09-12,18:07,life,ライフ,2,ほ・とせなNEWS,「みんなと違う」と容姿を差別されてきたハーフの女性→25年後の現在の姿に「自分を好きでいるの大事」「自信が持てる」「今を楽しむ」,https://news.yahoo.co.jp/articles/0ec62e45a086870b11283b3c10ca5e2b522af5f7,9/12(金) 8:00
2025-09-12,18:07,life,ライフ,3,ねとらぼ,ディズニーでパパに抱っこされる息子→大人になって……「ああああ……」　同じ場所で撮影した“現在の姿”が312万再生【海外】,https://news.yahoo.co.jp/articles/4582e6baa6c8c397c89b3cd3ebf2338a46a93901,9/12(金) 9:30
2025-09-12,18:07,life,ライフ,4,Hint-Pot,夏休みの自由研究、教師の“黙殺”対応に保護者怒り　「評価できないなら必須にしないで」ネットも共感,https://news.yahoo.co.jp/articles/76d1798232a7db599084893b54fb123704ad7462,9/12(金) 16:27
2025-09-12,18:07,life,ライフ,5,ハフポスト日本版,この紙、「絶対に古紙回収に出さないで」。ゴミ清掃芸人が発信、靴やカバンに入っている「要注意」な紙とは,https://news.yahoo.co.jp/articles/e89e355a3e224d83d20fdda51fc6eeadfd057a45,9/12(金) 6:32
2025-09-12,18:07,life,ライフ,6,リセマム,【大学受験2026】河合塾、入試難易予想ランキング9月版…方式別ランク,https://news.yahoo.co.jp/articles/843cea05a4ecbb4229fda79fd604b497423219f4,9/12(金) 16:50
2025-09-12,18:07,life,ライフ,7,ファイナンシャルフィールド,先日「有給休暇」を取得したら「給料」が「6割」しか支給されていませんでした、これってよくあることなんですか？,https://news.yahoo.co.jp/articles/a3092f9826a4f38b172838e102b3727bc56216b9,9/11(木) 8:50
2025-09-12,18:07,life,ライフ,8,ねとらぼ,「この程度の仕事で音を上げるとか（笑）」　退職代行91回の中古車販売会社、辞めた20代男性の壮絶エピソード,https://news.yahoo.co.jp/articles/6e4d8025a55f17ef74b500f249d106c0cb57e56d,9/12(金) 11:45
2025-09-12,18:07,life,ライフ,9,ねとらぼ,「キタムラのバッグはこの値段で買えないし大満足」明治屋コラボの“保冷トート”が数量限定販売　「Kマークの高級感」「保冷バッグに見えない」,https://news.yahoo.co.jp/articles/0aeff9635a8c8ac27ae5288eeb83af605ef3c33a,9/12(金) 15:20
2025-09-12,18:07,life,ライフ,10,ハフポスト日本版,ミャクミャクが「ポップコーンバケツ」になるとこうなる。価格は？どこで買える？,https://news.yahoo.co.jp/articles/dd597e4186136370135414b5934b60e668ec1bbb,9/12(金) 13:34
2025-09-12,18:07,life,ライフ,11,ねとらぼ,母「昔はめちゃくちゃモテた」→娘「本当に？」と思っていたが……　若いころの姿に「ダイアナ妃にそっくり！」「時間止まってる？」　【海外】,https://news.yahoo.co.jp/articles/0bae6f9a49fa79b7c7a6f67db7f4a9e83696772b,9/12(金) 16:01
2025-09-12,18:07,life,ライフ,12,ほ・とせなNEWS,小1息子が学校から持ち帰った“朝顔”　→50日後「え。ムリムリ」母も真っ青な光景に「大変すぎる」「うちの子の朝顔も」,https://news.yahoo.co.jp/articles/96a5f143014f8f7c531642f1ab513e9f2971911b,9/11(木) 14:00
2025-09-12,18:07,life,ライフ,13,Hint-Pot,アメリカ人「完全に別物」　初めて訪れた日本で想像を超える体験　「口の中でとろける」と感動した日本食とは,https://news.yahoo.co.jp/articles/2a10f7c186cad84cf3b9b4f761d5146049450c51,9/12(金) 14:20
2025-09-12,18:07,life,ライフ,14,めざましmedia,【観測史上最大】首都圏を襲った猛烈な雨 世田谷区で1時間92mmを観測　川は氾濫し商店街は冠水「見たことのない水量」,https://news.yahoo.co.jp/articles/f251bc329ca0e2df76fec7bdc6d42c3402c51ae2,9/12(金) 14:21
2025-09-12,18:07,life,ライフ,15,ねとらぼ,8歳少女「男の子みたいな髪形にしたい」→美容師が本気出したら……　想像以上の仕上がりに「もう王子様じゃん」【海外】,https://news.yahoo.co.jp/articles/10b8b484b8d42e34b64a520b6ab7db21c6267b25,9/11(木) 19:20
2025-09-12,18:07,life,ライフ,16,まいどなニュース,柴犬「これ見て」ケージの中にいたのは？「わんちゃんの視線が冷静すぎる」,https://news.yahoo.co.jp/articles/583fb85fc077a43effda50efd040d7e110dd4b98,9/12(金) 15:55
2025-09-12,18:07,life,ライフ,17,ねとらぼ,実家の母「暇だから」と編み物を始め……「えええっ」　110万表示の“衝撃の作品”に「二度見する」「数十万円で売ってそう」,https://news.yahoo.co.jp/articles/c3bb88b1c7fc5cf9f2d45ff6ca25a552e07421d2,9/12(金) 10:00
2025-09-12,18:07,life,ライフ,18,ねとらぼ,双子の赤ちゃんを抱っこする父、28年後……　“まさかの奇跡”に「涙が出ちゃう」「なんて幸せ」と110万いいね【海外双子記事3選】,https://news.yahoo.co.jp/articles/568ecde75e3e7cfa557e8dd42082f1689aeda502,9/12(金) 11:45
2025-09-12,18:07,life,ライフ,19,オリコン,万博、秋篠宮皇嗣殿下並びに悠仁親王殿下「お成り」へ　「御日程」公表,https://news.yahoo.co.jp/articles/18600c925ad1735d97c9d4b16403abe3d80cf667,9/12(金) 17:42
2025-09-12,18:07,life,ライフ,20,ねとらぼ,「やっと買えました……！」　カルディの“ミニチュアバッグ”が人気の理由　「めっちゃかわいい」「大きさがちょうど良い」「イヤホン入れに使ってます」,https://news.yahoo.co.jp/articles/161ec972c1990924ece295cceff57685e39b8992,9/12(金) 16:40
2025-09-12,18:07,life,ライフ,21,ENCOUNT,佐川急便、配達員のエレベーター“占拠”が物議　「ドライバーの身勝手な対応」本社謝罪,https://news.yahoo.co.jp/articles/81221f3c09384405b70df0eeeab431151ac1d4ea,9/11(木) 17:38
2025-09-12,18:07,life,ライフ,22,ねとらぼ,猫に“黄色い服”を着せたら……「笑っちゃった」　まさかの姿に「配色がw」「食べに行きます」,https://news.yahoo.co.jp/articles/68ad26c5bee7a503182b692c1db416788d87726e,9/12(金) 8:00
2025-09-12,18:07,life,ライフ,23,ほ・とせなNEWS,長男に夕飯づくりを頼んだママ　→しかしその直後、次男のとった行動に「羨ましい」「才能の賜物」「天才か！」,https://news.yahoo.co.jp/articles/a055b0c7295ba5660fbb5c5ab12d78c246938859,9/12(金) 13:00
2025-09-12,18:07,life,ライフ,24,ねとらぼ,築53年家賃4万円・何てことない団地のドアを開けると……　まさかの空間出現に驚きの声「素敵」「ここまでお洒落に」　投稿者に話を聞いた,https://news.yahoo.co.jp/articles/82e7478173aeab24f812ca66f4c660cdf6b1b951,9/11(木) 7:50
2025-09-12,18:07,life,ライフ,25,トラベル Watch,ミャクミャク立体キーホルダーに新色「黒」登場！　全6色展開に,https://news.yahoo.co.jp/articles/fcfb8e4cf3032a564d923a7170dae31613618e98,9/12(金) 16:13
2025-09-12,18:07,life,ライフ,26,ねとらぼ,ジップロックに土と種を入れて数カ月後……　「えー!!」驚きの“収穫物”に「ここまで育つんですか！？」,https://news.yahoo.co.jp/articles/11d203f2d80037591658a200b6a200328ffb3477,9/11(木) 8:20
2025-09-12,18:07,life,ライフ,27,まいどなニュース,悠仁さま　駅ホームで見せた一瞬の所作が話題　「実にスマート」「さりげない気遣い」「まねしたい」,https://news.yahoo.co.jp/articles/130c2ca370e0098e026d72f51303b219016e17ef,9/12(金) 8:30
2025-09-12,18:07,life,ライフ,28,LIMO,会社の打ち合わせ中「机に乗ってくる生物」に目を疑う　羨ましすぎる仕事風景に「最高やん」,https://news.yahoo.co.jp/articles/f663c66a959af5f713e969998e875829dbc0e083,9/12(金) 17:21
2025-09-12,18:07,life,ライフ,29,LIMO,「SNSで話題」イオン「スヌーピー75周年トート」争奪戦必至「刺繍デザイン」「通勤通学にも最適」,https://news.yahoo.co.jp/articles/ca77cdf67d57a56af48cda3cf87dc7a021f29ff5,9/12(金) 10:46
2025-09-12,18:07,life,ライフ,30,トラベル Watch,「三井アウトレットパーク 岡崎」11月4日開業。全180店舗リスト公開,https://news.yahoo.co.jp/articles/b91461d584aa47a5aac45a37fa0b7cdee53df396,9/12(金) 15:04
2025-09-12,18:07,life,ライフ,31,ねとらぼ,猛暑日にゴミと一緒に捨てられていたのは、まさかの……　「ホント許せない」信じられない光景に「何故…こんな…」,https://news.yahoo.co.jp/articles/37546bfdb01f5d3e4316b503248f24193d3c82a0,9/7(日) 21:15
2025-09-12,18:07,life,ライフ,32,ねとらぼ,「映えより栄養」　食費月1.5万円で暮らす31歳女性の“リアルな自炊”に「参考になる」「こういう食事がしたい」,https://news.yahoo.co.jp/articles/9091d4a088b655a330e20398b38b3b0d4abca4b0,9/11(木) 8:03
2025-09-12,18:07,life,ライフ,33,OTONA SALONE,東大生の友人ほとんどが「万博」で思ったこと。「日本と外国のパビリオンの違い」の分析が秀逸すぎた。あなたは気づいた？,https://news.yahoo.co.jp/articles/7e5a1b4d9772f78629959fcb632f5417534f1245,9/12(金) 11:20
2025-09-12,18:07,life,ライフ,34,BuzzFeed Japan,かわいくて一目惚れした！ダイソーで見つけた「猫ちゃんポーチ」見てるだけで癒されるんです！《購入レビュー》,https://news.yahoo.co.jp/articles/9acc9bcfcd107dc7cf5625b00ff2ede8cb94611a,9/12(金) 15:35
2025-09-12,18:07,life,ライフ,35,まいどなニュース,東京・池袋で目撃者多数……3ｍの巨大ヒツジ！？　「これマジでなんだったんだ」ざわつくSNSに本人降臨,https://news.yahoo.co.jp/articles/dbf420a4630d2499b2f00c8c3dc955684563ee9f,9/12(金) 16:10
2025-09-12,18:07,life,ライフ,36,KURU KURA（くるくら）,外環道の不便な「京葉JCT」が工事中！ ランプ追加で「湾岸線～京葉道路」が乗り換え可能に。現在の進捗は？【いま気になる道路計画】,https://news.yahoo.co.jp/articles/4d0aaa2d2f3272f99531083358a44c21fadabb66,9/12(金) 14:11
2025-09-12,18:07,life,ライフ,37,ねとらぼ,「ラストワン死ぬほど欲しい……」　一番くじ「呪術廻戦 5th anniversary」の景品に興奮の声　「下位賞がM賞ってことは……」「待ってえぐい」,https://news.yahoo.co.jp/articles/81650a69ed52bffba5ae2993a4574432c959173e,9/11(木) 17:51
2025-09-12,18:07,life,ライフ,38,ねとらぼ,家族に「夕飯いらない」と言われたママ→“自分のためだけ”に用意した食事に「さいこー！」「私もよくやります」,https://news.yahoo.co.jp/articles/e42721a12a46abd065052eaa19d8328757963c03,9/10(水) 14:30
2025-09-12,18:07,life,ライフ,39,Lmaga.jp,【速報】万博きのう９月１１日（木）の一般入場者数は１８万人、２週間続く前代未聞「大変混雑」…今日のイベントは？,https://news.yahoo.co.jp/articles/cd97b8e5867eea17b2075de43d7483945dd7fe30,9/12(金) 9:45
2025-09-12,18:07,life,ライフ,40,ねとらぼ,「無断転載かと思ったww」　衝撃の“ハリー・ポッター”コスプレに約11万件の反響　“ネット混乱”の仕上がりに「え、本人ですよね？」「まじやばい」,https://news.yahoo.co.jp/articles/41356bb2c7a4972d903d8667dedf6135975881e6,9/12(金) 10:32
