scrp_date,scrp_time,genre_en,genre_jp,rank,media_jp,title,link,date_original
2025-09-12,23:06,entertainment,エンタメ,1,日刊スポーツ,市村正親、離婚した篠原涼子が自宅に来ていることを告白「ママが来ちゃあ、いろんなものを…」,https://news.yahoo.co.jp/articles/3d503d89d4287d0c43fc05370369d07c45ce5022,9/12(金) 17:44
2025-09-12,23:06,entertainment,エンタメ,2,スポーツ報知,出産から２年の戸田恵梨香　まさかの姿に騒然「びっくり」「細木数子！？」「ビジュ…」「美人すぎる」,https://news.yahoo.co.jp/articles/b7dce7668b3587db1c9655d4ace562cd6afb85ca,9/12(金) 21:20
2025-09-12,23:06,entertainment,エンタメ,3,デイリースポーツ,千原ジュニア　第三子誕生時「自分で呼吸していません」緊急搬送　愛妻も予定外の手術に　大パニックを回想「今やからしゃべれるんですよ」,https://news.yahoo.co.jp/articles/e10be06e28941175b2a41ca3e494200763c89013,9/12(金) 20:35
2025-09-12,23:06,entertainment,エンタメ,4,東スポWEB,永野芽郁が映画で共演した鈴木亮平に〝アプローチ情報〟 「逃げ恥」脚本家が否定,https://news.yahoo.co.jp/articles/336a86fc787f6cf4eb4fbd2fd187ec559df7d1ef,9/12(金) 17:50
2025-09-12,23:06,entertainment,エンタメ,5,デイリースポーツ,中国人気俳優が転落死と事務所が発表　３７歳　現地ＳＮＳのフォロワーは２６００万人　悲しみ広がる,https://news.yahoo.co.jp/articles/21c1dce6714aa99a94906eb0a26036a9d9e1296f,9/12(金) 18:00
2025-09-12,23:06,entertainment,エンタメ,6,ENCOUNT,“芸能界一性格がいいアイドル”に太鼓判「使ってください」　大久保佳代子も絶賛「裏表がない」,https://news.yahoo.co.jp/articles/b493246e61470e2dc1082743f1f73e9cdb067e4d,9/12(金) 9:40
2025-09-12,23:06,entertainment,エンタメ,7,スポニチアネックス,Cocomi　“親友”と「やっと再会！」　お揃いの帽子ショット＆真顔ショットに「に、似てきた!?」,https://news.yahoo.co.jp/articles/6ea312cc23104c9731df60bb192a9faee5702db5,9/12(金) 19:19
2025-09-12,23:06,entertainment,エンタメ,8,スポーツ報知,ＴＢＳ朝の生放送「ラヴィット！」１５日の放送休止を発表…田村真子アナが理由を説明,https://news.yahoo.co.jp/articles/54edd7f12574f5ab155c8d90f9300f8e4c050599,9/12(金) 11:18
2025-09-12,23:06,entertainment,エンタメ,9,スポニチアネックス,へずまりゅう氏　「早速、辞職勧告かも」16日に幹事長会　市議会で怒声「どのツラを下げて市長を！」,https://news.yahoo.co.jp/articles/eeefcecd85db107b165645c521fd2fbfe8918ce7,9/12(金) 21:06
2025-09-12,23:06,entertainment,エンタメ,10,スポニチアネックス,いとうあさこ　「本当に理由が分かんない」最近の体の変化「家でほぼ毎日…」,https://news.yahoo.co.jp/articles/faff34ba4031116c6dd61dd5c7627db1191fcbf9,9/12(金) 16:09
2025-09-12,23:06,entertainment,エンタメ,11,J-CASTニュース,島袋寛子41歳、美ボディ全開チューブトップ×デニムで腹筋あらわ　「本当に41歳？」「どんどん綺麗に」,https://news.yahoo.co.jp/articles/30062f06f9887c5bf3463575aa11b4bd87e43b5a,9/12(金) 19:40
2025-09-12,23:06,entertainment,エンタメ,12,モデルプレス,「御上先生」生徒役女優、ミニ丈から美ウエスト強調「スタイル抜群」「綺麗」の声,https://news.yahoo.co.jp/articles/92ae7e134785cd84b18dcc66ca75df5c8f7fe413,9/12(金) 18:48
2025-09-12,23:06,entertainment,エンタメ,13,デイリースポーツ,麒麟・田村裕　相方川島明との衝撃年収格差を告白　えげつない数字にＴＶ騒然「ええーっ！？」　１８年前に田村２億円収入も大逆転　コンビ仲は？,https://news.yahoo.co.jp/articles/5d097edda92053bbe8da3ce624f79ebe318dab51,9/12(金) 14:54
2025-09-12,23:06,entertainment,エンタメ,14,東スポWEB,永野芽郁に坂口健太郎と〝三角関係〟報道「被害者だよ、ナガメイさんは」 おぎやはぎ同情,https://news.yahoo.co.jp/articles/98ac51aa4e1d2177a7f432136d6852bf7d3749f1,9/12(金) 20:50
2025-09-12,23:06,entertainment,エンタメ,15,スポーツ報知,【あんぱん】初登場も無言　しかも年齢不詳「大人なの？」「少女に見えるが」「何歳の役！？」,https://news.yahoo.co.jp/articles/c0052a24db86583362a8d4b8fbd91ddab2239d08,9/12(金) 19:45
2025-09-12,23:06,entertainment,エンタメ,16,スポニチアネックス,ステージ4の肝臓がんと闘う34歳元芸人　抗がん剤投与終え一時退院を報告「しばらく地元にいます」,https://news.yahoo.co.jp/articles/080eeba1329f8cd2af4b0f29ba90dffb982bff2b,9/12(金) 18:24
2025-09-12,23:06,entertainment,エンタメ,17,ENCOUNT,TBS朝の生番組に「レジェンド登場や！」　突如現れたまさかのゲスト…ネットは騒然「え、誰？」「マジで初めて見た」,https://news.yahoo.co.jp/articles/153eeb38e9434b6d258cb586cb8afd5831a7284c,9/12(金) 19:21
2025-09-12,23:06,entertainment,エンタメ,18,J-CASTニュース,ウエストランド井口、ともしげとの攻防で波紋...「水ダウ」企画の「台本」否定　「ただ一生懸命やっていた」,https://news.yahoo.co.jp/articles/0f03dff37e30385cf8ed978fe124763399b32447,9/12(金) 18:28
2025-09-12,23:06,entertainment,エンタメ,19,デイリースポーツ,「ガリレオ」再放送でわわっ！２１歳で年の差人気俳優と結婚→当時すでに一児のママ２６歳女優の美貌にクギ付け！,https://news.yahoo.co.jp/articles/d6a1173ba1a6a9da0697aeefc7a0726f9d32df97,9/12(金) 15:17
2025-09-12,23:06,entertainment,エンタメ,20,スポニチアネックス,市村正親「あれはうちの長女」元妻・篠原涼子との交流＆父子3人の生活明かす「ママが来てくれると…」,https://news.yahoo.co.jp/articles/e04fbf462f050f3130236f226c1552ca7aa7efcb,9/12(金) 14:07
2025-09-12,23:06,entertainment,エンタメ,21,デイリースポーツ,結局、蘭子と八木って…「あんぱん」相合い傘から早１０日「どうなった？」２人とも５０オーバー「あの匂わせはｗ」,https://news.yahoo.co.jp/articles/4211f6a8adbd2102474086d5c01f7bf29138f835,9/12(金) 17:49
2025-09-12,23:06,entertainment,エンタメ,22,GAME Watch,【ニンダイまとめ】「ニンテンドーダイレクト 2025.9.12」発表内容まとめ,https://news.yahoo.co.jp/articles/d31f3e3d526263a4a6494b1df1b141ee8ef708b6,9/12(金) 21:53
2025-09-12,23:06,entertainment,エンタメ,23,ITmedia NEWS,NHK、「びじゅチューン！」のYouTube配信を9月末ですべて終了　2100万回超再生の人気楽曲も消える,https://news.yahoo.co.jp/articles/8159a11bb6ff453a82bedca9caddea9dc2b080c8,9/12(金) 20:01
2025-09-12,23:06,entertainment,エンタメ,24,婦人公論.jp,元秘書が語るやなせたかし夫妻の素顔「お茶の教室で暢さんと知り合って。アンパンマン人気が続くとは思えず、最後まで＜そのうち仕事を干されるから＞とやなせ先生を心配していた」,https://news.yahoo.co.jp/articles/ecd44a38b607c1779dd24df1f0ff716da4831ab7,9/12(金) 8:30
2025-09-12,23:06,entertainment,エンタメ,25,東スポWEB,市村正親　元妻・篠原涼子との〝関係性〟告白「まあ、少し自由にさせてやろうと」,https://news.yahoo.co.jp/articles/0112718c08bc8e793dc70828cff4cc28e8845f94,9/12(金) 19:10
2025-09-12,23:06,entertainment,エンタメ,26,デイリースポーツ,さらば東ブクロに美人妻を口説かれ…人気芸人「感情もてあそばれたよ。ぐちゃぐちゃ」激しく動揺,https://news.yahoo.co.jp/articles/fdf7654fa0365aec47dc00bef847809911745b33,9/12(金) 18:38
2025-09-12,23:06,entertainment,エンタメ,27,スポニチアネックス,高橋由伸氏　プロ入り後モテすぎて「お前危ない」と先輩が危機管理　監視役とは？,https://news.yahoo.co.jp/articles/72a6b95cb190603b36cc903b6d6c1f4daf780ff8,9/12(金) 18:53
2025-09-12,23:06,entertainment,エンタメ,28,テレビ朝日系（ANN）,30歳女優が31歳俳優との結婚を発表「お互いを支え合いながら、大切に過ごしていきたい」,https://news.yahoo.co.jp/articles/ae4cc398dc2ca4879843bc19d17c4e64afdf41d7,9/10(水) 18:48
2025-09-12,23:06,entertainment,エンタメ,29,スポニチアネックス,リリー・フランキー　山下公園で衝撃…突然海に入っていく人目撃　助けて家に送り届けるも相手の母親は…,https://news.yahoo.co.jp/articles/734ab5f09b6c183ede6207627601007eba36597e,9/12(金) 22:23
2025-09-12,23:06,entertainment,エンタメ,30,よろず～ニュース,人気グラドルが休養を発表「何を発信しているのかさえ分からない状況」でSNS休止　グループは12月解散予定,https://news.yahoo.co.jp/articles/f0b5e2e7458d1dc7b7eb09add562876c58568119,9/12(金) 17:40
2025-09-12,23:06,entertainment,エンタメ,31,ENCOUNT,鈴木奈穂子アナ、番組ゲストに「圧倒された」　ギャップにも言及「最後まで見慣れなかった」,https://news.yahoo.co.jp/articles/9c89b175fff6ee8657f11b4ba538edb6a5076940,9/12(金) 17:52
2025-09-12,23:06,entertainment,エンタメ,32,スポニチアネックス,EXIT兼近　鼻ほじりやおならは許せるのに…唯一許せない女性の行動「人間的な醜さみたいなのは嫌だ」,https://news.yahoo.co.jp/articles/36738b62069016410e97369d754b96e800da9934,9/10(水) 14:07
2025-09-12,23:06,entertainment,エンタメ,33,よろず～ニュース,「今日好き」出演のイケメン、事務所から電撃契約解除「SNS上で取り上げられている件を踏まえ」,https://news.yahoo.co.jp/articles/cfd143eed2482b6072d5718fe099ecaacb28e6a3,9/12(金) 17:10
2025-09-12,23:06,entertainment,エンタメ,34,モデルプレス,「今日好き」放送内容変更へ「諸般の事情により」3日後に新シーズン「マカオ編」放送予定だった,https://news.yahoo.co.jp/articles/2fa9b039d3326110a9d13f819e3efb2a83f09b33,9/12(金) 19:27
2025-09-12,23:06,entertainment,エンタメ,35,スポニチアネックス,辻希美の長女・希空　「パパカメラマンですっ」父・杉浦太陽撮影のカジュアルなオフショット公開,https://news.yahoo.co.jp/articles/52f6a76f30351d7a8f25d9e8c0beae33ff143835,9/12(金) 21:00
2025-09-12,23:06,entertainment,エンタメ,36,ENCOUNT,「別人みたい」　綾瀬はるかの最新ショットにファンは驚き「雰囲気が違う」「美しすぎます！」,https://news.yahoo.co.jp/articles/a56aa6106f664cb0c31374eb98a7909d26cb13f8,9/12(金) 21:20
2025-09-12,23:06,entertainment,エンタメ,37,MANTANWEB,＜あんぱん＞次週予告に映った“アンパンマン役”俳優に注目集まる　「ナイスなキャスティング」「確実に面白いはず」,https://news.yahoo.co.jp/articles/ed4d8ffe230b63f414d54143d428f610d14ba624,9/12(金) 21:11
2025-09-12,23:06,entertainment,エンタメ,38,東スポWEB,有働由美子『有働Times』の阪神Ｖ試合の扱いにクレーム「こういうところで中立公正？」,https://news.yahoo.co.jp/articles/d1864e415a739c61f28346ca77fa494568bedb79,9/12(金) 19:10
2025-09-12,23:06,entertainment,エンタメ,39,西スポWEB OTTO！,「ミス日本」フジ新人アナ、雰囲気一変の最新ショットに反響「上品です」「格好いい」,https://news.yahoo.co.jp/articles/629b2fa062d801705701fd884581cb95829ed9bb,9/12(金) 22:10
2025-09-12,23:06,entertainment,エンタメ,40,オリコン,TBS『ラヴィット!』、15日の放送休止を発表　田村真子アナ伝える,https://news.yahoo.co.jp/articles/a128f71970610c77a0b2450ec6ba797261b0eb7d,9/12(金) 14:25
