scrp_date,scrp_time,genre_en,genre_jp,rank,media_jp,title,link,date_original
2025-12-12,04:08,entertainment,エンタメ,1,スポニチアネックス,緊急手術受けた室井佑月　米山隆一氏へ「もう離婚して下さい」　夫の行動に不満爆発、現在の病状も明かす,https://news.yahoo.co.jp/articles/5d26e5bdd77df79941bc7602a0bed45c65d3e9d6,12/11(木) 21:35
2025-12-12,04:08,entertainment,エンタメ,2,スポーツ報知,ａｉｋｏの姿に騒然「どしたん？」「震えた」「泣いた」「びっくりする」「なんで…」結婚発表から４年,https://news.yahoo.co.jp/articles/c20d422368774f74ffb1d288a528b32c671383fb,12/11(木) 20:10
2025-12-12,04:08,entertainment,エンタメ,3,日刊スポーツ,人身事故で緊急入院ゆたぼん、見舞金「１円」振り込みの名義に衝撃「悲しい人ですね」,https://news.yahoo.co.jp/articles/ccff16948b8e702c1212069a0978ee48982df976,12/11(木) 16:17
2025-12-12,04:08,entertainment,エンタメ,4,西スポWEB OTTO！,「待ってた甲斐があった♡」プロポーズ保留中カップルにドラマファン熱視線！44歳＆41歳俳優〝熱い抱擁ショット〟に「ひゅーひゅー」「もしかしてアドリブ??」の声,https://news.yahoo.co.jp/articles/14ed12e3058e95c61a07731bac22ba18a30fd28e,12/11(木) 23:30
2025-12-12,04:08,entertainment,エンタメ,5,J-CASTニュース,ミス・フィンランド「つり目」写真が波紋→本人釈明も批判やまず　協会謝罪「徹底的に検証」へ,https://news.yahoo.co.jp/articles/650b3aa9d1655bd6ac9e93910fc91fbe5a4f16bc,12/11(木) 17:45
2025-12-12,04:08,entertainment,エンタメ,6,デイリースポーツ,横山裕　結婚「俺も若かったし、分かってあげられてなかったんやな」「俺が悪い」　恋愛経験なし？には「めちゃしてるし！」,https://news.yahoo.co.jp/articles/fd12e6839c2ef75d08808706bde7e392640b0b56,12/11(木) 23:46
2025-12-12,04:08,entertainment,エンタメ,7,西スポWEB OTTO！,「37歳なの!?」年下俳優と電撃婚、2児の母となった〝AKB伝説メンバー〟の〝ステージへ復活〟姿に「久々に見たら…」「ショートヘア似合う」反響続々,https://news.yahoo.co.jp/articles/37f7a03ca6c4543e2a4b0b7c842bf6600b4af6ae,12/12(金) 0:00
2025-12-12,04:08,entertainment,エンタメ,8,デイリースポーツ,体験レポ中にビル５階から落下、２６歳で瀕死の重傷を負った元フジアナ　先輩アナとラジオ共演「この辺りの話も」と予告,https://news.yahoo.co.jp/articles/75b44e3216af0bb99c24001368239c4284d5e7ac,12/11(木) 21:23
2025-12-12,04:08,entertainment,エンタメ,9,スポニチアネックス,奈良市議へずまりゅう氏　「地方議員冬のボーナス」額面＆手取り明細公開　8月からの任期で…,https://news.yahoo.co.jp/articles/a73872baddb5db570c75718e9d326ae4657fb775,12/11(木) 21:00
2025-12-12,04:08,entertainment,エンタメ,10,日刊スポーツ,緊急手術の室井佑月氏「死にかけた」手術成功と投稿した夫米山隆一氏には激怒「もう離婚して」,https://news.yahoo.co.jp/articles/2c2adecbcbb6affce758c7890a3675a9aa625a34,12/11(木) 22:48
2025-12-12,04:08,entertainment,エンタメ,11,スポーツ報知,「ぐるナイ・ゴチ」クビ争いの小芝風花＆白石麻衣が同額１位で「キャー！」…次回２５日の生放送で「最大３人」のクビが決定,https://news.yahoo.co.jp/articles/7136f0df5242484c57022537ebdb748fb0a3952d,12/11(木) 21:48
2025-12-12,04:08,entertainment,エンタメ,12,西スポWEB OTTO！,〝元祖メガドル〟38歳タレント〝ぴたぴたハイレグ〟ショット「うわー」「ドギマギする」,https://news.yahoo.co.jp/articles/30df6a99b9d22cf49422c4a9263d130f78dc2bc0,12/12(金) 0:10
2025-12-12,04:08,entertainment,エンタメ,13,スポーツ報知,長濱ねる　体のライン強調「けしからん！」「すんごい」ウエストも衝撃「芸能人ってすごい…」,https://news.yahoo.co.jp/articles/85a89163e55c335b41dce45c58d938b99a9e9259,12/11(木) 22:02
2025-12-12,04:08,entertainment,エンタメ,14,東スポWEB,ひろゆき氏　ヨーロッパ移住で金融資産が「何もしなくても４、５倍になった」,https://news.yahoo.co.jp/articles/a954455746388ba6fd33684b27fe0cc85b6b186f,12/11(木) 22:00
2025-12-12,04:08,entertainment,エンタメ,15,スポニチアネックス,ひろゆき氏　フランス移住後に資産激増なワケ「何もしなくても…」「お金持っている人みんな」,https://news.yahoo.co.jp/articles/d45197d39607afdfecc5d158b405d5ff6d9bd7e7,12/11(木) 21:28
2025-12-12,04:08,entertainment,エンタメ,16,デイリースポーツ,「ここ１年毎日つまらない」カズレーザー、メンタルの医師からの言葉が衝撃「自分より…」　指原莉乃「ええ～！寂しくないですか？」,https://news.yahoo.co.jp/articles/a039ca60f43aad86ec96e7a92f99be5009d29d68,12/11(木) 16:09
2025-12-12,04:08,entertainment,エンタメ,17,西スポWEB OTTO！,人気アイドルと電撃婚＆出産の39歳歌手〝黒肩ひもドレス〟「黒ドレスで前髪流してるのほんとにどタイプ」,https://news.yahoo.co.jp/articles/8f93956ef40c5e2c203e169ea9781c5c447769fe,12/11(木) 23:50
2025-12-12,04:08,entertainment,エンタメ,18,西スポWEB OTTO！,祖父は元大臣、母は元副大臣…横浜スタジアムに現れた人気芸人〝コーチなりきり〟で会場大歓喜「盛り上げてくれてありがとう」「最高だった」,https://news.yahoo.co.jp/articles/45d085df9b53491263da808ff305f6d91e435026,12/11(木) 23:50
2025-12-12,04:08,entertainment,エンタメ,19,スポニチアネックス,妻夫木聡44歳　体の不調明かし嘆き「何なの…」　「治ったと思ったら」左右交互に痛み,https://news.yahoo.co.jp/articles/5ea56a48faf197812bce5b3f82ac3ad12ce97b2f,12/11(木) 22:55
2025-12-12,04:08,entertainment,エンタメ,20,スポニチアネックス,小泉進次郎氏　2歳娘が「延々と食べてる」おやつ明かす　自身も大好物、どんな料理にも入れるものとは,https://news.yahoo.co.jp/articles/c31a2e990c9535d19bfe553170e3fb408045bed1,12/11(木) 15:22
2025-12-12,04:08,entertainment,エンタメ,21,西スポWEB OTTO！,「プライベート感ある菜奈ちゃん」共演俳優との電撃婚から4年...29歳女優の自然体な姿に「菅田の嫁！」「お高くとまった人かと思ってた」反響続々,https://news.yahoo.co.jp/articles/2a3f44f66ea50650faee95e9cbc7e58d066f01b5,12/11(木) 23:10
2025-12-12,04:08,entertainment,エンタメ,22,東スポWEB,松本人志への〝女性あっ旋報道〟訴訟　渡邊センスがフライデー側の控訴断念報告「使徒殲滅！！」,https://news.yahoo.co.jp/articles/9484dc624c8301dcaee3e04ebf1a5a849a3b7899,12/11(木) 22:05
2025-12-12,04:08,entertainment,エンタメ,23,ENCOUNT,東京大出身の秀才が刑務所に服役　親しくなるも「ケタ違い」な犯罪に衝撃…瓜田純士「焦った」,https://news.yahoo.co.jp/articles/55bed77ac70dbbc828d6da6f83921a5063fa4a0e,12/11(木) 17:33
2025-12-12,04:08,entertainment,エンタメ,24,スポニチアネックス,白血病公表タレント　「落ち込んでいます」数値悪化を明かし心境吐露、1月には第1子女児誕生,https://news.yahoo.co.jp/articles/72c27d351e6da908a84c87f896e9c794fc046ee7,12/11(木) 20:16
2025-12-12,04:08,entertainment,エンタメ,25,デイリースポーツ,「妻夫木くんが嵐ファンの気持ち全て代弁してくれた」「泣きそう」ラストライブへの妻夫木の言葉にＳＮＳ感動と共感の嵐　櫻井翔に語る,https://news.yahoo.co.jp/articles/aebfa757d8b0bb81e2d79b98cb12cd21a3867239,12/11(木) 23:07
2025-12-12,04:08,entertainment,エンタメ,26,スポーツ報知,ゆたぼん　体調に異変「視界が真っ暗に…」リハビリも中止「精神的に結構キツい」バイク事故で入院,https://news.yahoo.co.jp/articles/2a0f4eb2f3670047a78ed7d7f46cb306a11f7880,12/11(木) 15:10
2025-12-12,04:08,entertainment,エンタメ,27,ENCOUNT,デパートで見つけたランドセルが衝撃価格　芸人の「どこかで規制しないと」に共感の声殺到「全て同感！」,https://news.yahoo.co.jp/articles/aaf40ae36455b4bf1508773aad3f9b064b6bf8b8,12/11(木) 8:23
2025-12-12,04:08,entertainment,エンタメ,28,よろず～ニュース,55歳インテリタレント「これから緊急手術になった」　過去にはすい臓摘出、乳がんも経験,https://news.yahoo.co.jp/articles/b8179ee32ae2a9a75b0db4b76eaee67b131775c6,12/8(月) 19:45
2025-12-12,04:08,entertainment,エンタメ,29,西スポWEB OTTO！,「めっちゃテンション上がる」ドラマ〝ごくせん〟から23年！妻は元アナの43歳俳優〝雰囲気ガラリ〟近影公開し「わぁああ！コミコン来てる」,https://news.yahoo.co.jp/articles/119dd5c643bcad2fcea9f203409e76b9e4d32948,12/11(木) 23:40
2025-12-12,04:08,entertainment,エンタメ,30,西スポWEB OTTO！,「理由がレベチすぎて二度見」名古屋の眼科〝すごすぎる休診の張り紙〟が大反響「最高の理由」「世界規模」,https://news.yahoo.co.jp/articles/d398c43501af1a72c82cc0a6a6fd785e44abce3b,12/11(木) 22:20
2025-12-12,04:08,entertainment,エンタメ,31,東スポWEB,ゆたぼん　二重手術を報告「めちゃくちゃ気に入っています」,https://news.yahoo.co.jp/articles/410a2acc9797a042fe4b90461e9cb078b06b58e5,12/11(木) 20:35
2025-12-12,04:08,entertainment,エンタメ,32,西スポWEB OTTO！,「あら〜！」2年間SNS更新なし、SPEED上原多香子〝最新ショット〟が話題！「久しぶりにお顔が見れて嬉しすぎ」「元気そう」,https://news.yahoo.co.jp/articles/d502ae6d2720b54fc7dd007b142710c07bce0fba,12/11(木) 23:40
2025-12-12,04:08,entertainment,エンタメ,33,スポニチアネックス,川合俊一氏「命を落としかねない事だった」右足痛で受診→まさかの診断に危機感「皆さんも気をつけて」,https://news.yahoo.co.jp/articles/0f6889c30b84acd21fae423377da957c5bf5ab58,12/11(木) 18:36
2025-12-12,04:08,entertainment,エンタメ,34,よろず～ニュース,手で隠そうにもあふれちゃう！高学歴アイドル、3カ月ぶり衝撃見せつけた　水瀬陽菜乃「FLASH」再降臨,https://news.yahoo.co.jp/articles/c7388284c735f0dbe5d2ea53f0897cb73db58590,12/11(木) 21:00
2025-12-12,04:08,entertainment,エンタメ,35,オリコン,ガイナックス破産整理終了で42年弱の歴史に幕　庵野秀明「神村、ありがとう。そして、御苦労様でした」【コメント全文】,https://news.yahoo.co.jp/articles/a7d276bd8b45f755de8206f3b7a740b55174f2a3,12/11(木) 10:09
2025-12-12,04:08,entertainment,エンタメ,36,西スポWEB OTTO！,強風…スカート姿で過激アクション、上白石萌歌〝裏ショット〟に反響「緑の人になりたい」「生傷だらけになってそう」,https://news.yahoo.co.jp/articles/88cecc468907ac880ef07cd4a5d6282c3e49d42a,12/12(金) 0:00
2025-12-12,04:08,entertainment,エンタメ,37,BuzzFeed Japan,中森明菜の近影にSNSざわつく「すごいことになって…」「ぎゃー、明菜ちゃんだーーー！！」,https://news.yahoo.co.jp/articles/affbaed5bd64a32d4b1984e2d83cd4eae6feb989,12/11(木) 18:05
2025-12-12,04:08,entertainment,エンタメ,38,スポニチアネックス,ひろゆき氏　医師目指す49歳男性に辛らつ「社会にとって悪」　パネラー陣も攻撃「きれいごと言って…」,https://news.yahoo.co.jp/articles/a1b45d217c944e568ab12001b901a6d642a3eba8,12/11(木) 17:07
2025-12-12,04:08,entertainment,エンタメ,39,デイリースポーツ,初回冒頭１１分に映ってた…【良いこと悪いこと】実はずっといた「ドの子」→「６人」の中にも覚えていた人物がいる,https://news.yahoo.co.jp/articles/84ad56f9ee0883b3225d892ed1004095c4c84498,12/11(木) 21:13
2025-12-12,04:08,entertainment,エンタメ,40,BuzzFeed Japan,藤田ニコルがSNSで「ご報告」→「えっ！！おめでとうございます」「やばいびっくり嬉しすぎる」,https://news.yahoo.co.jp/articles/3873a24cf9ea32b5bfd68f4e3d15e4ddbd853d27,12/11(木) 18:15
