scrp_date,scrp_time,genre_en,genre_jp,rank,media_jp,title,link,date_original
2025-12-12,03:10,business,経済,1,みんかぶマガジン,日本企業が「脱中国」へ…欧米企業は「生産拠点の移転加速」日本政府もサプライチェーン分散と国内回帰を支援,https://news.yahoo.co.jp/articles/91d32b91fcf8d2d7e75d6b743322ad7ad2f5cf41,12/11(木) 9:10
2025-12-12,03:10,business,経済,2,ITmedia ビジネスオンライン,アニメ市場規模3.3兆円、現場に届かぬ投資マネー　業界歴40年Pに聞く“作り捨て”からの脱却,https://news.yahoo.co.jp/articles/21095dcb70b7afe84579afa6d46d4b647d61c1aa,12/11(木) 8:06
2025-12-12,03:10,business,経済,3,Bloomberg,オラクル株が急落、2001年以来の大幅安－AI投資拡大で売り優勢,https://news.yahoo.co.jp/articles/6d6d86aea2c69cc34c697ed34a6effcb5b924ac9,12/12(金) 0:16
2025-12-12,03:10,business,経済,4,ファイナンシャルフィールド,生前贈与は「あえて年120万円にして、贈与税1万円払う」と言う父にビックリ！ どうやら「税金回避」になるそうですが、税務署に“定期贈与”とみなされないって本当ですか？ リスクもあわせ解説,https://news.yahoo.co.jp/articles/5cf509c95f87fe47dc7ee27beec859ea7d12511c,12/10(水) 14:30
2025-12-12,03:10,business,経済,5,食品産業新聞社ニュースWEB,かつて年間「70万食以上」を販売した人気ラーメンが復活　今回「チャーシュー」がアップグレードして帰ってきた,https://news.yahoo.co.jp/articles/312dbaa81f84a25084bdc887489bf4d7d10a0a4b,12/11(木) 18:11
2025-12-12,03:10,business,経済,6,ファイナンシャルフィールド,生活保護を受けていた母が亡くなり、約100万円の「生活保護返還金」があることが発覚。相続放棄したら支払わなくても大丈夫ですか？,https://news.yahoo.co.jp/articles/529f93558cd22f45bb7d4602f663651a860eb046,12/10(水) 7:10
2025-12-12,03:10,business,経済,7,Bloomberg,オラクル株が急落、1月以来の大幅安－AI投資拡大で売り優勢,https://news.yahoo.co.jp/articles/0a1245879c33f9d5622f2dccc7233bcd3d51ef6f,12/12(金) 0:56
2025-12-12,03:10,business,経済,8,みんかぶマガジン,日本経済は中国なしでやっていける「相手は困っている姿を見たがっている」…経済誌元編集長「関税かけた側が結果的に損をする」,https://news.yahoo.co.jp/articles/69dc53ff2b54434995801aa10d64b680efa4d603,12/10(水) 9:10
2025-12-12,03:10,business,経済,9,朝日新聞,「TikTok」でシステム障害、投稿者の収益なくなる　会社謝罪,https://news.yahoo.co.jp/articles/48b73fbe752e1a57be7b08fb51c0161ad5e7f978,12/11(木) 19:52
2025-12-12,03:10,business,経済,10,乗りものニュース,「埼玉の新しい大幹線」がついに東京へ延びる！ 「新東京所沢線」道路形態あきらかに「最終の仕上げをしています」,https://news.yahoo.co.jp/articles/2d47348dfb6d465f15b5d6a61d4d504f5f45ee7a,12/11(木) 7:42
2025-12-12,03:10,business,経済,11,LIMO,70歳代おひとりさま「平均貯蓄額」はいくらか？老後の生活費や年金額をみて今からはじめたいこと,https://news.yahoo.co.jp/articles/28b83ed42baf8b469c316467a2909ece6a8f9361,12/11(木) 14:10
2025-12-12,03:10,business,経済,12,朝日新聞,経済対策向けおこめ券、値下げの可能性　JA全農「利益とらない」,https://news.yahoo.co.jp/articles/3e7c4e3ef6cc1dae6185f9bdae9c54ff7269f389,12/11(木) 17:27
2025-12-12,03:10,business,経済,13,ファイナンシャルフィールド,退職金「2000万円」を使ってマイカーの買い替えをすると言う父…貯金も「1000万円」あるから大丈夫と言うのですが、夫婦2人安心して生活していけるでしょうか？,https://news.yahoo.co.jp/articles/3cbbe3611b79ce92707b61a3f1c1783db807330f,12/10(水) 7:10
2025-12-12,03:10,business,経済,14,共同通信,生成AIでポスター制作　サクラクレパスが謝罪,https://news.yahoo.co.jp/articles/3c2e8cbea5c9ee51e909997a41505b676fc9937d,12/11(木) 17:34
2025-12-12,03:10,business,経済,15,くるまのニュース,道の駅ブチギレ！ 怒りの「電気ぜんぶ消す！」“異常事態”に反響殺到！「大迷惑です…」「もっと厳しくしろ！」の声も！ “苦情”にまみれた「憩いの休憩所」一体何があった!? 岡山,https://news.yahoo.co.jp/articles/0e5ac2acd9f6ce51e45a8cc791204167a03e5a43,12/9(火) 12:20
2025-12-12,03:10,business,経済,16,みんかぶマガジン,中国がヒヨり始めた3つの理由…なぜトーンが急落？国内からも疑問の声あがる「輸出減少していけば中国経済を圧迫」,https://news.yahoo.co.jp/articles/02569acec23caa0c45f04c6b2a73830831cb818a,12/8(月) 9:10
2025-12-12,03:10,business,経済,17,TBS CROSS DIG with Bloomberg,マンハッタン家賃が過去最高更新、民主社会主義者の市長誕生効果なく,https://news.yahoo.co.jp/articles/a902456062027e6b7ea93b949910c600eafbeabc,12/12(金) 2:32
2025-12-12,03:10,business,経済,18,くるまのニュース,ホンダ「“4人乗り”軽トラ」バモスホンダに反響殺到！「遊び心がサイコー！」「絶対にヒットする」「ある意味で最強のクルマ」の声も！“公道走行”も可能な「屋根なし×ドアなし」丸目モデルが凄かった！,https://news.yahoo.co.jp/articles/5563828eac82768be3892fe617afd080128e0c9f,12/11(木) 20:10
2025-12-12,03:10,business,経済,19,Bloomberg,任天堂株が下落、半導体逼迫懸念で時価総額約2兆2000億円失う,https://news.yahoo.co.jp/articles/3019c742c329077461e770d9c9509e73b228f5dd,12/10(水) 16:14
2025-12-12,03:10,business,経済,20,Impress Watch,京都駅至近の新複合ビルにスーパー「フレスコ」や大ホール　28年開業,https://news.yahoo.co.jp/articles/6f3ec2eacaec9182b694d64f9b4ea1eef03e5e1a,12/11(木) 18:04
2025-12-12,03:10,business,経済,21,ファイナンシャルフィールド,株主優待で「白い恋人」をもらったというママ友。「かなり高利回りでお得」とのことですが、どれだけ投資すれば“優待を受けられる”でしょうか？「必要資金・優待利回り」を確認,https://news.yahoo.co.jp/articles/d987bb96fb853d7a8853be3ce7f8b1905e2596f9,12/11(木) 13:30
2025-12-12,03:10,business,経済,22,くるまのニュース,ホンダが新「スーパーカブ」発売！ “時速30km制限”の無いパワフルな「原付二種」仕様！ 世界で愛される「ビジネスバイクの“絶対王者”」が刷新して登場！,https://news.yahoo.co.jp/articles/ce66452e4959d23e94398eea03ef04bf6b590544,12/11(木) 5:30
2025-12-12,03:10,business,経済,23,共同通信,NY株、続伸,https://news.yahoo.co.jp/articles/eba7280333e21d6b966ae46e0c0cdb6054e7a286,12/12(金) 0:17
2025-12-12,03:10,business,経済,24,LIMO,「年金、月20万円の壁」超える人の割合とは？「一人一年金」の原則と65歳以降の併給特例を今すぐ確認,https://news.yahoo.co.jp/articles/7532f54bc6c8fc08ec4f1278ac47bd2cafcbc6fa,12/11(木) 18:05
2025-12-12,03:10,business,経済,25,くるまのニュース,【ドイツ】“軽自動車”よりも安い！ 日産「“ニセ”GT-R」登場!? 格安の140万円＆なんか「小さいボディ」採用！ 2.5L「V6」×MT搭載の「R35!?」中古車サイトに登場,https://news.yahoo.co.jp/articles/f5c63d3284c7fe7c24ce8965298a9282fdbfb91e,12/11(木) 6:30
2025-12-12,03:10,business,経済,26,朝日新聞,荷物専用の新幹線は「東海道新幹線では困難」　JR東海の丹羽社長,https://news.yahoo.co.jp/articles/7090aab9755595499f1afaef5bb991c92c5a3ea8,12/11(木) 17:30
2025-12-12,03:10,business,経済,27,読売新聞オンライン,［深層ＮＥＷＳ］中国経済はデフレなどで「三重苦」、「抜け出す道筋は見えていない」…柯隆氏,https://news.yahoo.co.jp/articles/eb7f989b385694cee1731f5ad02564479ee9a322,12/11(木) 21:30
2025-12-12,03:10,business,経済,28,くるまのニュース,ホンダ新「N-BOX」発表！ “電動スライドドア”標準装備＆スタイリッシュな「めちゃ黒色」仕様がスゴイ！ 超パワフル「ターボエンジン」×“四輪駆動”モデルも熱い特別カスタム「ブラックスタイル」発売へ！,https://news.yahoo.co.jp/articles/2ac92e4c1303efd8b360db822ecc7ab206b02cdc,12/11(木) 11:00
2025-12-12,03:10,business,経済,29,ファイナンシャルフィールド,【最新】「2万円給付金」がなくなり“給付付き税額控除”に？「年収200万・500万円」の場合、控除・給付はいくらになる？“2万円より多く”もらえるでしょうか？,https://news.yahoo.co.jp/articles/eee2452ec5c1f7985495997a29571652def67789,12/6(土) 13:30
2025-12-12,03:10,business,経済,30,まいどなニュース,中国・各省の成長がすごい…東アジア・各都市の一人当たりGDPを可視化したマップが話題に,https://news.yahoo.co.jp/articles/ed544191acf22de09ac55aa66dcfaa699a0a33a1,12/11(木) 7:10
2025-12-12,03:10,business,経済,31,FNNプライムオンライン（フジテレビ系）,超富裕層課税「1億円の壁」是正へ政府・与党調整,https://news.yahoo.co.jp/articles/9660a0e8016e51de729f6a70f4c8b6b565fc1619,12/11(木) 23:30
2025-12-12,03:10,business,経済,32,ファイナンシャルフィールド,世帯年収1000万円でも「お金持ち」には程遠い…。都内だと世帯年収いくらから「お金持ち」といわれる？,https://news.yahoo.co.jp/articles/8dfa09821445b144fe7dcad51a2fc86c359d0011,12/11(木) 17:31
2025-12-12,03:10,business,経済,33,TBS CROSS DIG with Bloomberg,AI活用で好成績、ブラックロック博士号集団が主導-投資の未来形か,https://news.yahoo.co.jp/articles/fd11916daf6f3bcecd72d10f937cb3be0583961a,12/12(金) 2:32
2025-12-12,03:10,business,経済,34,食品産業新聞社ニュースWEB,ガスト&バーミヤン「33％OFFクーポン」全22品を対象に、15日間限定【年末感謝祭】,https://news.yahoo.co.jp/articles/e05a18dc931894a58b78a7591b38026314597fa2,12/11(木) 11:30
2025-12-12,03:10,business,経済,35,朝日新聞,ラピダスに最大2兆円融資へ　3メガ銀、政府保証を付けた上で,https://news.yahoo.co.jp/articles/2b3016eee5a140cfc51846d58ca8f3973d5d2750,12/11(木) 21:18
2025-12-12,03:10,business,経済,36,共同通信,年収の壁の自民案判明、26年は168万円,https://news.yahoo.co.jp/articles/4527f5a2e47c397ad5a10bc9f2ec4567f00951b5,12/11(木) 10:41
2025-12-12,03:10,business,経済,37,時事通信,〔米株式〕ダウ、取引時間中の最高値更新＝ナスダックは下落（11日午前10時半）,https://news.yahoo.co.jp/articles/ded879bfe1f369142ec5c8ad620dc13d3db451b7,12/12(金) 1:00
2025-12-12,03:10,business,経済,38,くるまのニュース,国道2号〜山陽道“接続”の「無料高速」が開通！ 12kmも「信号なし」で加古川沿いアクセスを劇的改善！ 神戸・姫路にも行きやすい「東播磨道」11月末に全通 兵庫,https://news.yahoo.co.jp/articles/1bcba5661a18f85c242fe8ccaffe52b0a84ab9b1,12/11(木) 6:40
2025-12-12,03:10,business,経済,39,乗りものニュース,アメリカや中国よりも早い？「無人戦闘機」が“高性能対空ミサイル”を発射し目標を撃墜 いよいよ創作物のような話に,https://news.yahoo.co.jp/articles/1926b75fd732828c7fc1184f355ee4b92a18cc9d,12/11(木) 11:42
2025-12-12,03:10,business,経済,40,産経新聞,＜独自＞SBI新生銀、普通預金で最大4・2％の優遇金利　総残高に応じて金利引き上げ,https://news.yahoo.co.jp/articles/a65eb4341decf6e0328c4fa9cc0252e7f2833482,12/9(火) 7:30
