scrp_date,scrp_time,genre_en,genre_jp,rank,media_jp,title,link,date_original
2025-07-14,19:08,life,ライフ,1,ほ・とせなNEWS,お昼寝している双子の赤ちゃん。しかし、母がちょっと目を離すと…「完璧なポジション」「可愛すぎる」,https://news.yahoo.co.jp/articles/08a48d38c80621d2994e8c9be819f95dea382725,7/14(月) 10:00
2025-07-14,19:08,life,ライフ,2,ねとらぼ,ボロボロで真っ黒だった台所→57歳女性が1人でリフォームしたら……　見違える光景に「ホントすごいです」「尊敬します」,https://news.yahoo.co.jp/articles/27543533820acf6146ebf8dd3b38faa48cb760da,7/12(土) 20:30
2025-07-14,19:08,life,ライフ,3,ほ・とせなNEWS,ママが高校生のときに出産した長男　→20年後の姿に「イケメン」「感動しました」「第2のお父さんみたい」,https://news.yahoo.co.jp/articles/cbaaa87e5717e316201d7e97f928b41b7876d235,7/14(月) 8:00
2025-07-14,19:08,life,ライフ,4,ねとらぼ,コメダ珈琲店、次回コラボキャラは……「きたあああ！」　“愛らしい姿”に「やばいって」「通うかも！」,https://news.yahoo.co.jp/articles/66ec449a46df6ac65a12cbb4357d422581fd2650,7/14(月) 14:39
2025-07-14,19:08,life,ライフ,5,よろず～ニュース,SAPIXと浜学園の差に「びっくり！」中学受験で長男に両方通わせた宮村優子が受けた衝撃,https://news.yahoo.co.jp/articles/f6c3124d665653a8c26105d7588947ff01663d2a,7/14(月) 15:30
2025-07-14,19:08,life,ライフ,6,ねとらぼ,絵画教室の先生「描きなおして」→小1娘「これでいい」　固い意思を貫いた“イルカの絵”に感動「ラッセンより好き」,https://news.yahoo.co.jp/articles/a4f1e82c6f5085c6f66566c96c751d858092c26d,7/13(日) 7:30
2025-07-14,19:08,life,ライフ,7,ねとらぼ,ジャングルと化した廃墟を、14日間ひたすら草刈りした結果……　現した“本当の姿”に「すごすぎてビックリ」「素晴らしい」　あれから8カ月後……現在の状況について話を聞いた,https://news.yahoo.co.jp/articles/ff5dd59ae8bb25a6cc3ce9ca64874066936917fb,7/13(日) 20:30
2025-07-14,19:08,life,ライフ,8,Hint-Pot,「フランスだったら引っ越して終わり」　フランス人が実感した日本人のポジティブ精神　「いい考え」と称賛したこととは,https://news.yahoo.co.jp/articles/37cff7581c27332b2da0e8ba59ebbea0cb262049,7/14(月) 16:08
2025-07-14,19:08,life,ライフ,9,まいどなニュース,「両親は日本人なのに…私だけハーフ顔」 54歳で出産した母、〝出生の秘密〟を知った娘の思いとは,https://news.yahoo.co.jp/articles/0e78db3d464550202f900a69e37b311b6422f5ed,7/14(月) 6:50
2025-07-14,19:08,life,ライフ,10,ねとらぼ,JAL機でハワイから日本に帰っていると、「窓を見てください」とアナウンスされ……　まさかの“遭遇”に「えっすごーーい」「これは珍しい」,https://news.yahoo.co.jp/articles/cf8d8fc97842ccd0c278417c12c27af8a001c8bd,7/13(日) 8:00
2025-07-14,19:08,life,ライフ,11,ねとらぼ,使いづらいローテーブル、主婦が“ロの字の脚”に付け替えるだけで……　「すご～い！」目からウロコのDIYに反響,https://news.yahoo.co.jp/articles/78d13f906a6dd435f99520caae36cacdb10c4c2c,7/14(月) 10:30
2025-07-14,19:08,life,ライフ,12,産経新聞,セミの幼虫「採取禁止」の張り紙　都内の公園、食用目的で乱獲か　中国語でも注意喚起,https://news.yahoo.co.jp/articles/36942a57d32791beae2b242c2252419c11cd9487,7/14(月) 7:00
2025-07-14,19:08,life,ライフ,13,ねとらぼ,いとこの結婚式に出席する女性「振袖を作ります！」　初挑戦の和装が“衝撃の仕上がり”「凄すぎて意味わかんない」「天才ですか」,https://news.yahoo.co.jp/articles/044511621a68a37e288b249327109bd279e43bb6,7/14(月) 8:30
2025-07-14,19:08,life,ライフ,14,ねとらぼ,「寒いくらい」　ワークマンの“マイナス10度Tシャツ”の実力がスゴイ！　「コスパ最強」「会社の人にもプレゼントするくらい大好き」,https://news.yahoo.co.jp/articles/89ef47f4f2f8e10fbf5c6afeff289b462df846c9,7/14(月) 12:00
2025-07-14,19:08,life,ライフ,15,ねとらぼ,元15年引きこもりの弟が、兄の双子赤ちゃんを夜中の8時間お世話したら……　「凄いです」「涙が出ました」と反響,https://news.yahoo.co.jp/articles/c86ae23eb756691f835a79a3d138a2e2307940b9,7/13(日) 22:00
2025-07-14,19:08,life,ライフ,16,ほ・とせなNEWS,0歳の頃に出会った二人。→その30年後…素敵すぎる現在の姿に「美男美女」「漫画みたい」「素敵」,https://news.yahoo.co.jp/articles/d9c31662198b7dffd41282147df975c05c652fe3,7/12(土) 9:00
2025-07-14,19:08,life,ライフ,17,ねとらぼ,「こういうのが欲しかった」　【mont-bell（モンベル）】“便利ポケットみたいなミニバッグ”が人気　「貴重品の収納に最適」「ポケットがパンパンだったのが解消された」,https://news.yahoo.co.jp/articles/cb28bbabfb08b63ca1c7ea47ec8ca973d76860d6,7/14(月) 18:00
2025-07-14,19:08,life,ライフ,18,CBCテレビ,「揺れは1700回超・最大震度6弱も…」専門家に聞く！トカラ列島近海の群発地震と『南海トラフ地震』との関連性とは？,https://news.yahoo.co.jp/articles/4fa7280075e94e0775ded8957cae86635def3ea1,7/14(月) 16:50
2025-07-14,19:08,life,ライフ,19,ねとらぼ,「これ以外考えられない！」ニコアンドの“リュック”が70％オフに　「軽くてポケットも多い」「なくなったら困るから保存用に購入」,https://news.yahoo.co.jp/articles/dc363ddd2842d6aa54c07e023c2443373a5a8ff7,7/14(月) 16:40
2025-07-14,19:08,life,ライフ,20,LIMO,業務用ゴミ箱で“カレーの具材”を同時栽培したら…驚きの結果に「あぁ…人参が…」「ジャガイモの幅の利かせ方w」,https://news.yahoo.co.jp/articles/0b00d7d6f1fbf5933516de542b4c5929eb3e743b,7/14(月) 18:03
2025-07-14,19:08,life,ライフ,21,ねとらぼ,ごく普通のベランダを、愛猫たちのために200万かけて改装したら……　信じられない仕上がりに「この人ほんとすごいな」「想像以上！」と反響,https://news.yahoo.co.jp/articles/eb476eab944e18cf691ba7077a12d18274770502,7/14(月) 8:30
2025-07-14,19:08,life,ライフ,22,BuzzFeed Japan,【カルディ】通年で売ってほしい！青森で有名なお菓子店の「149円スイーツ」がとっても美味しい《実食レビュー》,https://news.yahoo.co.jp/articles/57b4a40405076e4598d85381b1a7f08dfd011728,7/14(月) 14:35
2025-07-14,19:08,life,ライフ,23,婦人公論.jp,90代の両親を介護。何もないのに入院先から呼び出してくる父と、冷蔵庫を溢れさせる母のケアに追われ…「3日間まともな食事を取れなかった」,https://news.yahoo.co.jp/articles/22b79f852defaed2198573c952101ef4cd085534,7/14(月) 12:32
2025-07-14,19:08,life,ライフ,24,ねとらぼ,編めない人は「編み方YouTubeは見ないで！」　編み物作家からの目からうろこのアドバイスに反響「分かるー！！！」「ほんとにこれ！」,https://news.yahoo.co.jp/articles/2b2fdf529a241ef3b1ee0dd0abcf848a757c73a0,7/14(月) 12:37
2025-07-14,19:08,life,ライフ,25,オリコン,万博シャトルバス、増便 “時間”に反響…「朝早すぎるだろ」「当初では考えられない」「ガチ勢専用便」,https://news.yahoo.co.jp/articles/dc32aa27ffec42d63bc0389835f48fb21f3fd975,7/14(月) 12:38
2025-07-14,19:08,life,ライフ,26,ほ・とせなNEWS,100円ショップで買った観葉植物を育ててみた結果…　突然起きた予想外の変化に「すごーい！！」「私も見つけたら買ってみます」,https://news.yahoo.co.jp/articles/dea57900305fee4621d4eaf9b7a1cdd1e5dac8f7,7/14(月) 7:00
2025-07-14,19:08,life,ライフ,27,LIMO,セリアで「シマエナガのミニポーチ」を発見！ミニ財布としても使える便利品！スマホと一緒に使おう〈購入レビュー〉,https://news.yahoo.co.jp/articles/e57f57716290179cc9f2b10e4bfb1c6d72f9eeb9,7/13(日) 18:47
2025-07-14,19:08,life,ライフ,28,LIMO,1苗でも「植えっぱなし」で大きく育つ！おしゃれな「日陰に強い多年草」9選で「お金をかけない庭づくり」,https://news.yahoo.co.jp/articles/5f24837754818fc13664727f0cdc191e79897412,7/14(月) 9:47
2025-07-14,19:08,life,ライフ,29,まいどなニュース,動物愛護センターの「新聞紙」で覆われたケージ　中には大けがを負った猫　「引き取ります。連れて帰ります」そして奇跡が起きた,https://news.yahoo.co.jp/articles/042dbe544b748f120873b2efb6c8b9c98f43b642,7/14(月) 18:30
2025-07-14,19:08,life,ライフ,30,Hint-Pot,「フランスだと、こんなに自由じゃない」　フランス人が日本人を見て驚いた意外なこととは,https://news.yahoo.co.jp/articles/fe5bad541cb62b251bf40b0b145b1e27854a4d3d,7/14(月) 5:30
2025-07-14,19:08,life,ライフ,31,めざましmedia,【異変】湘南の海に続く水路が突然“真っ白”に…サーファー「飲んじゃってヤバイと…」原因は“植物プランクトン”か,https://news.yahoo.co.jp/articles/db6e85f72e799dcd21a9d263378003c6ae5071e1,7/14(月) 17:13
2025-07-14,19:08,life,ライフ,32,＆GP,【雑草処理】しゃがまず削れる「雑草ブラシ」と思いきや、これは除草界のダークホースかもしれん「雑草ブラシ オバケ」,https://news.yahoo.co.jp/articles/f3d60e2e00b03aec48c1b76d93f0e91d3c0409dd,7/13(日) 21:30
2025-07-14,19:08,life,ライフ,33,Hint-Pot,「何故日傘が駄目なのかわからない」　小学校の校長先生、朝のあいさつ姿が絶賛…子ども使用で賛否議論,https://news.yahoo.co.jp/articles/2970fe5b78daa8f5fd06b236adef15c0e0657fd8,7/12(土) 12:00
2025-07-14,19:08,life,ライフ,34,ねとらぼ,猫にホタテをのせてみたら→「あかん!!」「腹痛い」　飼い主爆笑、衝撃の姿に反響「繰り返し見ても笑う」,https://news.yahoo.co.jp/articles/f6eac5e78e62d42627891468cfe333050e7b5e85,7/14(月) 11:45
2025-07-14,19:08,life,ライフ,35,マイナビ子育て,第五子妊娠の辻希美さん「もうかなり体重も増えちゃって」大きくなったお腹公開！ 真夏出産予定、マタニティコーデが可愛すぎる,https://news.yahoo.co.jp/articles/42e63b251fd8cadb29026bb3a92c549097cf59e3,7/14(月) 12:11
2025-07-14,19:08,life,ライフ,36,産経新聞,「将棋界に恩返しを」常務理事の糸谷哲郎八段　棋士として「新しい大発想」にも挑戦,https://news.yahoo.co.jp/articles/00cb92d606fd9b084d7e1f0e5ac2841c6c9a967d,7/14(月) 16:58
2025-07-14,19:08,life,ライフ,37,ねとらぼ,モンハンワイルズで「ウマ娘」を再現したら……　「ぱっと見でわかる」「感動しました」圧倒的再現度で50万表示,https://news.yahoo.co.jp/articles/5509c6d4895cef5e911c3bae6f51c58d35714c31,7/13(日) 18:00
2025-07-14,19:08,life,ライフ,38,BuzzFeed Japan,【ほっともっと】最後のひとくちまで贅沢！うなぎ×海老天の「よくばり弁当」白米が足りなくなるウマさです《実食レビュー》,https://news.yahoo.co.jp/articles/6fbef336ddb95755a23afc6b71ee483fb3999fc5,7/14(月) 11:35
2025-07-14,19:08,life,ライフ,39,ねとらぼ,「めちゃくちゃ褒められます」ユニクロの“3990円パンツ”が大好評！　「一気に二枚購入」「細見えします！」,https://news.yahoo.co.jp/articles/6f58f29efb6de6c15fd4fe22a219dc5c8ed65d71,7/14(月) 18:30
2025-07-14,19:08,life,ライフ,40,ファイナンシャルフィールド,「相続税対策になるから」とタンス預金に励む実家の父。実際「100万円を超えるようなタンス預金」は税務署にバレないのでしょうか？,https://news.yahoo.co.jp/articles/f98e3755e0c4e57747ed8ce426f3d648bdffe60c,7/14(月) 11:20
