scrp_date,scrp_time,genre_en,genre_jp,rank,media_jp,title,link,date_original
2024-03-05,16:15,domestic,国内,1,FNNプライムオンライン,「耳をそぎ落としたり、足を火あぶりにしたりする人」フィリピンの特殊詐欺グループ「金庫番」の女が語る幹部の素顔,https://news.yahoo.co.jp/articles/bb52373299e3b2b402e8c04162d4829bcc034fb6,3/5(火) 12:06
2024-03-05,16:15,domestic,国内,2,読売新聞オンライン,帰還困難区域でペットの猫が野生化…捕獲・保護するＮＰＯが写真展「考える材料に」,https://news.yahoo.co.jp/articles/adc211eb76dd9985cfb4e1bfc6dd62b97a2b98ec,3/5(火) 11:11
2024-03-05,16:15,domestic,国内,3,テレビ朝日系（ANN）,願書出し忘れに両親怒り…「ミスじゃなくて犯罪」「訴訟する」弁護士の見解は,https://news.yahoo.co.jp/articles/72d5eef122fbd7326eebd2879597e8c6ef48f11e,3/4(月) 11:27
2024-03-05,16:15,domestic,国内,4,日刊スポーツ,三崎優太氏、日経平均株価史上初の４万円突破に私見「裏を返せば円の価値の暴落だよね」,https://news.yahoo.co.jp/articles/4a00add59e3301d352261d9b0285ead924588840,3/5(火) 15:00
2024-03-05,16:15,domestic,国内,5,東海テレビ,前と後ろから挟んで急ブレーキか…国道などで21歳男性の車に約12分間“あおり運転”した疑い 男2人を逮捕,https://news.yahoo.co.jp/articles/fa9748cb3eb802cc7c8281eb352378303f84ce6d,3/5(火) 6:00
2024-03-05,16:15,domestic,国内,6,中日スポーツ,『エッフェル炎上』から不倫報道、自民・広瀬めぐみ議員は涙で謝罪も辞職せず 「国会議員の不倫は不問」なのか,https://news.yahoo.co.jp/articles/3cb3afec8b5c6a01ecd52040f13f42c9f8a14663,3/5(火) 15:34
2024-03-05,16:15,domestic,国内,7,中日スポーツ,『おしりふき』売り場から消える？ 情報番組で多機能＆防災用として紹介も… 「赤ちゃんが使えなくなる」「買い占めしないで」困惑の声,https://news.yahoo.co.jp/articles/07e0949f96807da0f2465b292035d2db0c1bfa5b,3/5(火) 13:03
2024-03-05,16:15,domestic,国内,8,毎日新聞,モペットは自転車ではなく原付きバイクです　法改正案で明確化,https://news.yahoo.co.jp/articles/42ad8c3d84501f9b51b7d3dcd305ccd9dfaadfd4,3/5(火) 8:37
2024-03-05,16:15,domestic,国内,9,ABEMA TIMES,MARCHはもう古い？難関私大の序列に変化… ラベリングは予備校の戦略か 「学習院を入れたのは合格者の総数を増やすため」,https://news.yahoo.co.jp/articles/b9ab9807da1cc89cc2a307dc0a30edf0cae3a134,3/4(月) 7:01
2024-03-05,16:15,domestic,国内,10,ABEMA TIMES,涙の謝罪…自民党・広瀬めぐみ議員が不倫報道を認める「夫と家族を大切に、皆様の信頼を回復できるようなお一層の努力を」,https://news.yahoo.co.jp/articles/e99211ab122db299e6c10db4548d8628072f5517,3/5(火) 14:40
2024-03-05,16:15,domestic,国内,11,ハフポスト日本版,「あの黒い人見て」「あの女…」差別が日常に溢れていること、知っていましたか？ 次々と届いた「言葉を失う」差別の経験,https://news.yahoo.co.jp/articles/df1109c18247b202dfbef8c9e474aaf6249dda7b,3/5(火) 11:41
2024-03-05,16:15,domestic,国内,12,tenki.jp,金曜は関東の平野部でも雪か　東京都心も極寒　土曜は東北や北陸で荒天　2週間天気,https://news.yahoo.co.jp/articles/ce3996ff3c903b6da741886421b63ace07948b97,3/5(火) 11:39
2024-03-05,16:15,domestic,国内,13,tenki.jp,8日朝は東京都心も雪が降る可能性　通勤通学の時間は足元に注意　山沿いは大雪も,https://news.yahoo.co.jp/articles/14629ffb880744956b6c1b7520c36c4121b78be7,3/5(火) 15:43
2024-03-05,16:15,domestic,国内,14,読売新聞オンライン,復興住宅で際立つ高齢化、「孤独死」５５３人…限界集落化目前に「こんなはずではなかった」,https://news.yahoo.co.jp/articles/d434eab0c0cec49a7aae932d608e6573874316ab,3/5(火) 5:00
2024-03-05,16:15,domestic,国内,15,TBS NEWS DIG Powered by JNN,【速報】5歳児死亡 神宮外苑オブジェ火災　元学生に罰金50万円 東京簡裁やり直しの裁判,https://news.yahoo.co.jp/articles/fdf32372785b0c38dd9475f87c8dde884749641e,3/5(火) 14:04
2024-03-05,16:15,domestic,国内,16,マイナビニュース,永瀬九段が挑決進出　負けない将棋でリベンジ目指す　第９期叡王戦本戦トーナメント,https://news.yahoo.co.jp/articles/8c63d290b2f5bd091569faf810bb503992a3a6d8,3/5(火) 12:11
2024-03-05,16:15,domestic,国内,17,毎日新聞,広瀬めぐみ議員、涙ながらに不倫謝罪「今後は家族を大切に」,https://news.yahoo.co.jp/articles/56cf060a9db5bc906bfb261e3a4a544a168872cf,3/5(火) 15:35
2024-03-05,16:15,domestic,国内,18,産経新聞,自民・広瀬めぐみ氏が不倫報道で謝罪「夫はこんな私を許してくれた」　離党や辞職は否定,https://news.yahoo.co.jp/articles/e61a88b8520de400f2ae5d63f0b7f24c63f87b1d,3/5(火) 14:43
2024-03-05,16:15,domestic,国内,19,レスキューナウニュース,琵琶湖線で人身事故 一部運転見合わせ,https://news.yahoo.co.jp/articles/a57819ef0331216c659c3d21ba49ae2788f1e053,3/5(火) 12:40
2024-03-05,16:15,domestic,国内,20,FNNプライムオンライン,炎に包まれたバイク… 交差点で車と衝突　カメラがとらえた事故直後の様子　福岡・飯塚市,https://news.yahoo.co.jp/articles/264b542be85c9a6f473b9840d5a3ffdb125b4dbd,3/5(火) 14:13
2024-03-05,16:15,domestic,国内,21,J-CASTニュース,「目を疑う」「恥ずかしくないのか」　イスラエル外相との会談風景にカットスイカ...外務省のX投稿に批判相次ぐ,https://news.yahoo.co.jp/articles/938fd3c7c2dc82e89ec274d47d6ea39cea8b02f5,3/4(月) 17:58
2024-03-05,16:15,domestic,国内,22,時事通信,立民の国会対応、小沢氏が批判,https://news.yahoo.co.jp/articles/8a873e9fdae05c905942dbec71d00b665306c2de,3/5(火) 15:32
2024-03-05,16:15,domestic,国内,23,毎日新聞,神宮外苑オブジェ5歳児死亡火災　元学生2人に罰金50万円判決,https://news.yahoo.co.jp/articles/3fb75d638dbc61587f23f2d7c76240eed5e3298d,3/5(火) 14:01
2024-03-05,16:15,domestic,国内,24,FNNプライムオンライン,【緊迫】漁船座礁 船内で一夜を明かし24人ヘリで決死の救出　一等機関士の男性死亡…転覆回避のため荷物を移動か?,https://news.yahoo.co.jp/articles/cdda5699ae2e6b94e783e4ce561ee76c2ff3ac22,3/5(火) 12:52
2024-03-05,16:15,domestic,国内,25,FNNプライムオンライン,刑事責任は問えるのか?北海道の繁華街ススキノで起きた首切断殺人 異例の“半年にわたる”親子3人の鑑定留置が終了 札幌地検は3月6日までに起訴するか判断,https://news.yahoo.co.jp/articles/8f3754656902c8bee0681cc365777ead55a060ad,3/5(火) 15:02
2024-03-05,16:15,domestic,国内,26,FNNプライムオンライン,悲劇の夫か 保険金殺人か　揺らぐ検察が示した「証拠」　二審は「証拠」調べ直しの異例の展開　被告男性が独白「なぜ妻が亡くなったのか知りたい」,https://news.yahoo.co.jp/articles/971e880366090b59b938527ec700ca7c122c758f,3/1(金) 21:37
2024-03-05,16:15,domestic,国内,27,日テレNEWS NNN,彬子さま、ブータンに向け出発　初の訪問へ,https://news.yahoo.co.jp/articles/c340ac772852eacddc2e58d3dde008bcfd8ed14d,3/5(火) 13:38
2024-03-05,16:15,domestic,国内,28,FNNプライムオンライン,盗難車が車列に突っ込む…パトカー追跡中に事故　16歳専門学校生と高校生を窃盗容疑で逮捕　 仙台市,https://news.yahoo.co.jp/articles/29346fbbe966fe65008ef5f2b655f76c61825cc2,3/5(火) 13:13
2024-03-05,16:15,domestic,国内,29,TBS NEWS DIG Powered by JNN,三笠宮家の彬子さまブータン訪問に出発　仏教寺院などを視察　国王のいとこの王女から招待受け,https://news.yahoo.co.jp/articles/8872935720521a95b99401e37d5c4e4e82622b42,3/5(火) 12:54
2024-03-05,16:15,domestic,国内,30,読売新聞オンライン,男児死亡のアート火災、過失致死傷罪に問われた元男子大学生２人に罰金５０万円の判決…東京簡裁,https://news.yahoo.co.jp/articles/eeed92f55eed393cd21767e455eefeb7fa602b24,3/5(火) 14:20
2024-03-05,16:15,domestic,国内,31,読売新聞オンライン,日本製鉄跡地を複合防衛拠点に…防衛省が広島県と呉市に意向伝える,https://news.yahoo.co.jp/articles/b454b224dac684f915f7616fa2580c9e6536e164,3/5(火) 14:53
2024-03-05,16:15,domestic,国内,32,毎日新聞,「助けられず、郁香に謝りたい」　高3給食死亡事故　県に賠償命令,https://news.yahoo.co.jp/articles/3db41a03548d6688b79d60fc5d4e230eaf72baa6,3/1(金) 19:27
2024-03-05,16:15,domestic,国内,33,tenki.jp,東海地方　2週間天気　週後半は再び冬の寒さ・岐阜県山間部はまとまった降雪に,https://news.yahoo.co.jp/articles/5c185ba3f72256ca1ac9c97e440f7147b699160c,3/5(火) 15:25
2024-03-05,16:15,domestic,国内,34,弁護士ドットコムニュース,「殺すぞ」極悪カスハラでも「事件化」されずラーメン屋閉店、元検事が教える「警察」の動かし方とは？,https://news.yahoo.co.jp/articles/85601c7cdce9148ce4656654c186efc8230e299a,3/5(火) 11:59
2024-03-05,16:15,domestic,国内,35,スポニチアネックス,国税庁SNSが大炎上！「申告漏れにご注意」投稿に怒りのリプ1000件超　「裏金議員に言え」の声,https://news.yahoo.co.jp/articles/a171a521190b1b49704e53a70a8a26d4a49ebe92,3/4(月) 20:55
2024-03-05,16:15,domestic,国内,36,ABEMA TIMES,文房具棚の中に陳列された『チーズおかき』… 整理好きな長男の“几帳面”さがSNSで話題 「社会人の私に分けて欲しい」,https://news.yahoo.co.jp/articles/980f6cb5590096b5e72e5b5925f962d6caff7031,3/5(火) 15:50
2024-03-05,16:15,domestic,国内,37,FNNプライムオンライン,「手伝って」と声をかけ無理矢理…女子高生を車に“監禁”　逮捕の27歳男「合意の上で抱きしめた」一部否認　北海道・苫小牧市,https://news.yahoo.co.jp/articles/40a8a4b07a2bd9b14b137592cda545803b4c1fe0,3/5(火) 15:13
2024-03-05,16:15,domestic,国内,38,日刊スポーツ,周庭さんが日本語でＸ投稿「３年ぶりにツイッターを始めます」カナダ亡命、環境気遣う声相次ぐ,https://news.yahoo.co.jp/articles/f68f9659230680ac5ab1eaec51671323d2735a22,3/5(火) 14:58
2024-03-05,16:15,domestic,国内,39,ABEMA TIMES,「何見てんだ」 2人組の男が路上強盗 千葉市,https://news.yahoo.co.jp/articles/b9d8ce766f7d69c2bb43b870993cf8c84397de84,3/5(火) 15:48
2024-03-05,16:15,domestic,国内,40,毎日新聞,広島・呉に多機能複合防衛拠点整備へ　日鉄跡地に　防衛省,https://news.yahoo.co.jp/articles/c35eea8165cf6a070c766c034e75bd00658f3f11,3/5(火) 15:09
