scrp_date,scrp_time,genre_en,genre_jp,rank,media_jp,title,link,date_original
2025-07-17,02:08,entertainment,エンタメ,1,スポーツ報知,「久々」に見た新垣結衣　最新姿に騒然「本当に？？？」「衝撃」「ガッキー髪の毛…」星野源と結婚４年,https://news.yahoo.co.jp/articles/bb7e2dcc6c2b17a27d0f306efb4336e67970fbb9,7/16(水) 18:59
2025-07-17,02:08,entertainment,エンタメ,2,デイリースポーツ,元ＴＯＫＩＯ松岡「大丈夫ですか！」熱中症の老人を抱えて救護　親族が来るまで待機　伊集院光「そういうナイスガイ」,https://news.yahoo.co.jp/articles/9e6c856e4988e61bc25c028aa3d51965f363276f,7/16(水) 20:12
2025-07-17,02:08,entertainment,エンタメ,3,日刊スポーツ,堀江貴文氏「Fラン私大」呼ばわり東洋大卒業生からの続々クレームに“７文字”ツッコミ,https://news.yahoo.co.jp/articles/a9267d3378248b5fd864033b0e8d80f08739f78a,7/16(水) 18:20
2025-07-17,02:08,entertainment,エンタメ,4,西スポWEB OTTO！,大きいお腹に抱きつき…妊娠発表の岡田将生＆高畑充希、夫の〝高畑ちがい〟抱きつきショットに大反響「あっちの高畑様がご懐妊との報道を受け…」「完全に嫁の趣味♡」,https://news.yahoo.co.jp/articles/f248719c05414233f3b30b9c19aeb807e8eacaef,7/16(水) 22:00
2025-07-17,02:08,entertainment,エンタメ,5,スポニチアネックス,真美子夫人の髪を担当したアトランタの美容師　ヘアスタイル中の姿に「ゴージャスな真美子の髪」,https://news.yahoo.co.jp/articles/6b6df836e8951ffc1bc99ee6813404a64e9b4a38,7/16(水) 18:42
2025-07-17,02:08,entertainment,エンタメ,6,スポニチアネックス,北斗の長男妻の凛「カナダから日本へ拠点を移しました」と報告　娘の学校、夫婦の個々の目標などを考え決断,https://news.yahoo.co.jp/articles/eae7824b8be86fe45c33d39a340946fc2822b7bb,7/16(水) 21:29
2025-07-17,02:08,entertainment,エンタメ,7,西スポWEB OTTO！,「スタッフはどうなってる」高嶋ちさ子の出演番組に姉がクレーム…姉妹間〝激怒LINE〟が話題に「許さない」「私の方が怒ってる」　最終的にはほっこりへ,https://news.yahoo.co.jp/articles/a03fcb3a836d85b035da6d37038e380148075b48,7/16(水) 22:50
2025-07-17,02:08,entertainment,エンタメ,8,日刊スポーツ,堀江貴文氏「明日、とんでもない発表します」Ｘ意味深投稿「本気で世界を獲りに…」に反応多数,https://news.yahoo.co.jp/articles/9a2d4c23ee18377193574048f9263111ae9d64cd,7/16(水) 18:22
2025-07-17,02:08,entertainment,エンタメ,9,西スポWEB OTTO！,本田紗来、大自然〝開放ショット〟に反応様々「白すぎ」「大人っぽく」の一方「痩せすぎじゃない!?」の声も,https://news.yahoo.co.jp/articles/6339da67501fa20caca915be04257ec3aacaa80d,7/16(水) 23:40
2025-07-17,02:08,entertainment,エンタメ,10,スポニチアネックス,ひろゆき氏　参院選の投票基準聞かれ毒気発言「未来と言っている人が、既存政党で今まで何してたの？」,https://news.yahoo.co.jp/articles/8cc187ced8cbca97211fe329a337c3f51a0e4cf9,7/16(水) 23:12
2025-07-17,02:08,entertainment,エンタメ,11,スポーツ報知,「ドレスはどこのメーカーなんだろう？とみなさん、思っているでしょう」…真美子夫人の「ドレス」を巡り「モーニングショー」長嶋一茂が想像「大きな反響を呼ぶ」,https://news.yahoo.co.jp/articles/928ab1ad409144d0bb20533fdd3e050f82e89242,7/16(水) 8:50
2025-07-17,02:08,entertainment,エンタメ,12,東スポWEB,出川哲朗が２つの病名を公表「首と背中が…」「救急病院でＭＲＩ」 ラジオで明かす,https://news.yahoo.co.jp/articles/244a78388fce2471eb9e19ba6556618e1959347a,7/16(水) 15:56
2025-07-17,02:08,entertainment,エンタメ,13,スポニチアネックス,紗栄子　2人の息子と「毎日が凄く速く感じる夏休み」披露　ダルビッシュの名入りT姿に「激アツ」の声も,https://news.yahoo.co.jp/articles/c41c3ccc73fb8de077fe49391cda245236e47c88,7/16(水) 21:55
2025-07-17,02:08,entertainment,エンタメ,14,スポニチアネックス,ひろゆき氏　参院選候補者の時間超過スピーチに実名列挙し指摘「ルールが守れない人たちだと思います」,https://news.yahoo.co.jp/articles/2b4ef696f7d8ad151412f7370bb47d1075e4f276,7/16(水) 22:13
2025-07-17,02:08,entertainment,エンタメ,15,BuzzFeed Japan,「レベルが違う」反町隆史と松嶋菜々子が並ぶ姿にSNSざわつく「なんだこのクオリティの高いカップルは」「素敵すぎ」,https://news.yahoo.co.jp/articles/218633a85fe2b9fb24f7a4b52c9543a8cb3ea196,7/15(火) 19:50
2025-07-17,02:08,entertainment,エンタメ,16,BuzzFeed Japan,「一本はヤバい」高島礼子、スイーツを食べる量に驚きの声「カロリーが…」「すごい」,https://news.yahoo.co.jp/articles/5312bb224248dee4d309a69c7f10bdbe588b78d6,7/16(水) 20:35
2025-07-17,02:08,entertainment,エンタメ,17,西スポWEB OTTO！,「全然イメージ変わる」〝花の井花魁〟べらぼう出演28歳女優の〝別人級〟姿に驚きの声「変身感があって良い」「違和感…」〝気強めギャル〟に反響,https://news.yahoo.co.jp/articles/9ceb1901f5fcf310d16a04618a0a5c2ed8fad01f,7/16(水) 23:20
2025-07-17,02:08,entertainment,エンタメ,18,デイリースポーツ,「可愛くなりすぎ」整形公表の人気芸人にＳＮＳ反応「かなり痩せた？」「更に綺麗になってる」「めっちゃ可愛くなってる」,https://news.yahoo.co.jp/articles/32bd980517db753cb23223741ab134b946760b2f,7/16(水) 22:00
2025-07-17,02:08,entertainment,エンタメ,19,東スポWEB,ＩＭＡＬＵ　パートナーとは「事実婚に近い」籍を入れない理由も告白,https://news.yahoo.co.jp/articles/c79eb6d983dae67497252e07a0ad531ee7459029,7/16(水) 21:06
2025-07-17,02:08,entertainment,エンタメ,20,スポーツ報知,いとうあさこ、通っていた幼稚園が原宿にあったこと明かす「竹下通りとかも普通の通りだったんです」,https://news.yahoo.co.jp/articles/653f8b065e9f5ff2091b67252bff44db01f7d0bb,7/16(水) 23:45
2025-07-17,02:08,entertainment,エンタメ,21,スポニチアネックス,「痩せたね」腰骨折で全治数カ月のロッチ中岡　“激変”の近影に衝撃「渋くてカッコいい」「イケメンやん」,https://news.yahoo.co.jp/articles/3020f75d79bcbab0c3669e2ad9bb7e1b6a49c615,7/16(水) 15:43
2025-07-17,02:08,entertainment,エンタメ,22,TBS NEWS DIG Powered by JNN,【ニャンちゅう】　声優・津久井教生さん　「残念ながら、ALSの進行と今回の体調不良が相まって背中の筋肉が落ちて長時間姿勢を維持する事が無理になりました」【ALS闘病】,https://news.yahoo.co.jp/articles/001f08e8f51cb55af5a30d8258bc215e0b90c333,7/16(水) 11:46
2025-07-17,02:08,entertainment,エンタメ,23,スポニチアネックス,高畑充希が第1子妊娠発表　夫・岡田将生の最新インスタが話題「そういうことだったのですね」「一致！」,https://news.yahoo.co.jp/articles/98f1d8ecb1508c24a92b27a2137578d0856a196f,7/16(水) 17:13
2025-07-17,02:08,entertainment,エンタメ,24,スポーツ報知,神田うの　超ロングヘアを「断髪」ビフォーアフター披露！雰囲気ガラリ「軽くなりました～」,https://news.yahoo.co.jp/articles/33292b76448cc7aaf11f3a0672c38097e59b4d22,7/16(水) 20:50
2025-07-17,02:08,entertainment,エンタメ,25,西スポWEB OTTO！,「えっ…どしたん」「ビックリして閉じちゃった」嵐・二宮和也、突然の〝激レア〟画像を添えたSNS投稿に驚きの声「ここはどこ？」「初めて見た」,https://news.yahoo.co.jp/articles/bccecf30d3eb9bc607e213d5cd02b2e53e93c8a9,7/16(水) 23:30
2025-07-17,02:08,entertainment,エンタメ,26,スポニチアネックス,出川哲朗61歳　「病気になってしまいまして」首と背中に激痛、救急病院へ　悲痛告白「もうボロボロです」,https://news.yahoo.co.jp/articles/a87fabd4e939a23ba719962dbfa43607cf292092,7/16(水) 14:55
2025-07-17,02:08,entertainment,エンタメ,27,スポニチアネックス,筧美和子　地元・池尻で「よく酔っ払っていた」という女性タレントを実名告白　上田晋也も納得「絶対そう」,https://news.yahoo.co.jp/articles/786e0ba85848fbab25181c0043c34941274caa5d,7/16(水) 22:07
2025-07-17,02:08,entertainment,エンタメ,28,西スポWEB OTTO！,昼ドラ「ぽっかぽか」〝ちち〟と〝あすか〟「30年後の親子」旅2ショットに感無量「本物の親子みたい」「はは嫉妬しないかなー？笑」,https://news.yahoo.co.jp/articles/53325b2218e62588a7a81659d2226ecd354026f4,7/16(水) 22:40
2025-07-17,02:08,entertainment,エンタメ,29,西スポWEB OTTO！,フリーランス転身から1年…井口綾子〝衝撃〟の最新姿に驚きの声が続々「何をどうやったら…」「びっくりしました」,https://news.yahoo.co.jp/articles/4eb6e602df10f9ee81f76a90ba3693dc712e2e52,7/17(木) 0:20
2025-07-17,02:08,entertainment,エンタメ,30,シネマトゥデイ,『ゼルダの伝説』実写映画版、ゼルダ＆リンク役が正式発表！,https://news.yahoo.co.jp/articles/2db538e0f1dd3418b5c1f8c4a7c77178dc69f22d,7/16(水) 21:16
2025-07-17,02:08,entertainment,エンタメ,31,ENCOUNT,小島瑠璃子、ド派手な金髪姿で披露宴へ　芸能界の“友人”たちとの集合写真公開「いつもに増してキレイだったー!!」,https://news.yahoo.co.jp/articles/dadb17adb2d1e8d0f418bc271d49c3a5b04c9792,7/16(水) 20:38
2025-07-17,02:08,entertainment,エンタメ,32,スポニチアネックス,松本潤＆二宮和也　今後の嵐「現時点で言えることは？」「シングル最後に出す？」直球質問に回答,https://news.yahoo.co.jp/articles/4911894e1ce947fae1ed75f30911b30d1804ea75,7/16(水) 22:59
2025-07-17,02:08,entertainment,エンタメ,33,ELLEgirl,グレース・ケリーの孫娘が“伝説のルック”を再現「おばあちゃんにそっくり」「美しすぎる」SNSで絶賛の嵐,https://news.yahoo.co.jp/articles/441aace3d87ba655e04ff3214c9ae338619fcf6e,7/16(水) 20:30
2025-07-17,02:08,entertainment,エンタメ,34,スポニチアネックス,10万に1人の難病公表の間瀬翔太　記憶障害で迷子に…「脳の劣化速度は異常なぐらいに早く感じます」,https://news.yahoo.co.jp/articles/5c31d3b05f908200e55be119fc1793ae60788021,7/16(水) 20:18
2025-07-17,02:08,entertainment,エンタメ,35,スポーツ報知,北斗晶の義娘・凛「実は…」突然の報告「大きな決断ですね」「大変でしょう」「よく頑張りましたね」の声,https://news.yahoo.co.jp/articles/05ac870af2bc326eed04c22734a828c1de9acc30,7/16(水) 11:42
2025-07-17,02:08,entertainment,エンタメ,36,スポーツ報知,東京・世田谷生まれの筧美和子　「勝手に広島のものだと思ってた」東京名物を明かす,https://news.yahoo.co.jp/articles/cccd1dd11ebfa8c23ef4d84130c049443782bcca,7/16(水) 23:20
2025-07-17,02:08,entertainment,エンタメ,37,スポーツ報知,復帰した成宮寛貴　雰囲気ガラリな最新姿「わからなかった」「びっくり」電撃引退から９年,https://news.yahoo.co.jp/articles/03540f6e2efc6f6e0775cd9c5978d6928eff8e65,7/16(水) 15:15
2025-07-17,02:08,entertainment,エンタメ,38,西スポWEB OTTO！,田代まさし、1時間並んでようやく〝大阪名物〟ゲット「さて、僕が大好きなメニューは？」クイズに回答続々「めちゃ美味いヤツ！」,https://news.yahoo.co.jp/articles/5f3f186abe09ee0ae6b70e7346c370ea64168972,7/17(木) 0:00
2025-07-17,02:08,entertainment,エンタメ,39,スポニチアネックス,三田寛子　「生まれたてのかわいい天使くん」赤ちゃん抱く写真に「驚きました」「天使のよう」の声,https://news.yahoo.co.jp/articles/890531165baf17c1affbf41795814eabb3c2509f,7/16(水) 15:46
2025-07-17,02:08,entertainment,エンタメ,40,スポーツ報知,“伝説の家政婦”タサン志麻さん「我が家にはクーラーがないので、大変です」築１２０年の古民家改装が話題,https://news.yahoo.co.jp/articles/f10c8c06893e85a91a70f3a46f526f100b042966,7/16(水) 20:05
