scrp_date,scrp_time,genre_en,genre_jp,rank,media_jp,title,link,date_original
2024-07-29,07:06,business,経済,1,賢者の選択サクセッション,「親父、こんなに苦しかったのか」就職先の銀行で知った家業の低い評価　大人気の京都洋菓子ブランド「マールブランシュ」を継いだ3代目の決意,https://news.yahoo.co.jp/articles/0f3e8e1a89a3b8e4132c9f70bf660962829a5e7d,7/29(月) 6:03
2024-07-29,07:06,business,経済,2,LIMO,加給年金に「不公平」の声で制度廃止？2025年の年金改正に向けて議論されている内容をおさらい,https://news.yahoo.co.jp/articles/120a0991ff6adf0287969feff3021c245e0bf8ee,7/28(日) 5:17
2024-07-29,07:06,business,経済,3,ファイナンシャルフィールド,新たに住民税非課税世帯となる世帯に「10万円」の給付が決定！2024年最新版ー非課税世帯が受けられる優遇措置をあわせて解説,https://news.yahoo.co.jp/articles/fd3ab77118d79e50845c4ad6e4feca26db0ba3df,7/27(土) 9:20
2024-07-29,07:06,business,経済,4,LIMO,【7月～8月支給】定額減税しきれない人に向けた「調整給付金」の準備が進む。私は対象？,https://news.yahoo.co.jp/articles/fc9d9d91c2b1fa10291380e53bd38b666693d03a,7/28(日) 6:17
2024-07-29,07:06,business,経済,5,ファイナンシャルフィールド,幼児2人を連れて新幹線で帰省したところ、指定席と自由席で往復「2万円」も差が出ました。幼児は無料ではないのでしょうか？,https://news.yahoo.co.jp/articles/690fff7bfb2a0b10e51c99cbd2e45451cd8338b9,7/28(日) 10:40
2024-07-29,07:06,business,経済,6,くるまのニュース,「アルファード」サイズの日産「新型3列シート“ミニバン”」発表！ 6速MT＆大開口スライドドア採用！ なが――い「タウンスター コンビL2」独に登場,https://news.yahoo.co.jp/articles/bc952f14610a28824c786d3fbec86ef58f1f5043,7/29(月) 6:10
2024-07-29,07:06,business,経済,7,乗りものニュース,世界初でしょ「え、潜水艦をニコイチで!?」 驚愕の修理方法で復活した原潜 いつまで使うの？,https://news.yahoo.co.jp/articles/ee7af47b02b0d3dfc8686afe342c30d40cf5938a,7/29(月) 6:12
2024-07-29,07:06,business,経済,8,ITmedia ビジネスオンライン,30年後に人口が減少する駅、ワースト10は全て大阪市　1位は？,https://news.yahoo.co.jp/articles/1be8b02d606a205402f57bbb7f8af4c87812acbe,7/29(月) 5:10
2024-07-29,07:06,business,経済,9,ITmedia ビジネスオンライン,ぐるぐる回して「ビールがきんきんに冷える」　理科の実験のような“缶クーラー”が人気,https://news.yahoo.co.jp/articles/95379f955c7eeb2ff9784a4db70262f7fd2e3d29,7/29(月) 5:30
2024-07-29,07:06,business,経済,10,LIMO,お姉ちゃんが登校準備する姿を見ると、丸くなって怒る犬　次の瞬間、表情が変貌し…「どうちて…涙」に悶絶,https://news.yahoo.co.jp/articles/642e36278beb289e3b0e0ae8da2e9931df490668,7/29(月) 4:22
2024-07-29,07:06,business,経済,11,乗りものニュース,「東京から特急が走る盲腸線」またも危機？ 水没からの「議論の申し入れ」に揺れる路線の今と昔,https://news.yahoo.co.jp/articles/24a1fdec4add429101486ad016b0537c8a5fe0d3,7/28(日) 17:12
2024-07-29,07:06,business,経済,12,LIMO,2024年8月からの「酷暑乗り切り緊急支援」とは？「住民税非課税世帯・年金世帯」へ追加の給付金を検討,https://news.yahoo.co.jp/articles/4854d4a4cd1b889e4a390be55ac4b9842a4addc6,7/28(日) 6:52
2024-07-29,07:06,business,経済,13,VAGUE,使いやすさはグーグルマップよりも上!? 人気も実力も伴った無料「カーナビアプリ」使ってみてわかった便利な機能とは？,https://news.yahoo.co.jp/articles/fb2d7d7039f98d8c66953e60e5133faa15d5cef2,7/26(金) 12:10
2024-07-29,07:06,business,経済,14,LIMO,高齢者世帯の59.0％「生活が苦しい」…厚生年金と国民年金は平均でいくらなのか,https://news.yahoo.co.jp/articles/3d8a43d1191daaf278e24dc80c349c8b81537309,7/29(月) 5:26
2024-07-29,07:06,business,経済,15,賢者の選択サクセッション,京都の洋菓子ブランド「マールブランシュ」、閑静な住宅街にガーデンカフェを開店　喫茶限定の「しぼりたてモンブラン」も,https://news.yahoo.co.jp/articles/c6de9735087f44ff50d0e1cb4a07db0934e229e0,7/29(月) 6:03
2024-07-29,07:06,business,経済,16,NewsPicks ＋ｄ,「夜中に目が覚めて眠れない」　50代から急激に低下する眠る力。加齢による「眠れない」に専門医がアドバイス,https://news.yahoo.co.jp/articles/c7f57e8a2bba6f011c260bcde8352f34795645da,7/27(土) 18:04
2024-07-29,07:06,business,経済,17,くるまのニュース,「知らない人多すぎ！」 高速道路の電光板「文字の色」に“意味がある”って知ってた？ 覚えると「めちゃ役立つ」表示色のヒミツとは！,https://news.yahoo.co.jp/articles/c8aa3fbb4d43155ab555d64fe2f14771bfb6bac6,7/28(日) 19:10
2024-07-29,07:06,business,経済,18,バイクのニュース,旧車マニア垂涎の昭和なバイク屋が130万円！【山梨県山梨市店舗付き住宅】,https://news.yahoo.co.jp/articles/0d192e45025ed9ff47d6ca6cc76703c0b112bbe5,7/27(土) 7:10
2024-07-29,07:06,business,経済,19,Merkmal,混迷する「北陸新幹線ルート」 あなたは小浜派？米原派？ 鉄道ジャーナリストの私は、どう見ても「小浜ルート」一択です,https://news.yahoo.co.jp/articles/55bf9f98eba11242cbcd8531608efa675e996af9,7/28(日) 8:11
2024-07-29,07:06,business,経済,20,くるまのニュース,超パワフルな新型「1人乗り仕様車」がスゴイ！ “極太トルク”で走る「謎のマシン」の正体は？ トヨタL＆F「最新モデル」の特徴とは,https://news.yahoo.co.jp/articles/e1d2316c192bf6abce0b76083f65a634796a074b,7/29(月) 5:50
2024-07-29,07:06,business,経済,21,Merkmal,コロナ前まで9年連続増収！ 北海道・十勝バスの地域愛が生んだ「家庭訪問」大作戦をご存じか,https://news.yahoo.co.jp/articles/552194c3d0f72837289d9f65131786284bb2ab7e,7/29(月) 5:41
2024-07-29,07:06,business,経済,22,くるまのニュース,ホンダ「高級ミニバン」が復活！ 「めちゃ豪華」だけど「めちゃ機能的」!? デビュー30周年の「オデッセイ」最新版どう「変わった」？,https://news.yahoo.co.jp/articles/ae4ea7f3417d98647bc4f7c3625dd4c87150ecca,7/28(日) 14:10
2024-07-29,07:06,business,経済,23,くるまのニュース,トヨタの爆速「カローラ“GT1”」発表に反響多数!?「かっこいい」「マフラー4本出し!?」超ワイドグリルに空力強化の「GRカローラ」用“パフォーマンスエアロ”登場,https://news.yahoo.co.jp/articles/59f419a3228ed9b5321c07a1ca350796354f1475,7/28(日) 20:10
2024-07-29,07:06,business,経済,24,バイクのニュース,やっぱりカッコいい！ 1970年代生まれの空冷ネイキッド5選,https://news.yahoo.co.jp/articles/46add7341f86c916f63982056a733ab4ad6807c6,7/28(日) 9:10
2024-07-29,07:06,business,経済,25,くるまのニュース,ホンダが新型「すごいハッチバック」間もなく発表！ 6速MT×スポーティデザインの“快速”仕様!? 黒ボディの「RS」秋登場,https://news.yahoo.co.jp/articles/278322ec85fd073cf120d99c05a3f648e584f928,7/29(月) 6:40
2024-07-29,07:06,business,経済,26,withnews,「お茶づけ」にかけるのはお湯？お茶？　永谷園社員の1割がお茶派、東日本と西日本で違いも,https://news.yahoo.co.jp/articles/fbd2e81a87f130efb46f9914aa3344eff983a90e,7/28(日) 16:00
2024-07-29,07:06,business,経済,27,＆GP,“全国道の駅グランプリ2024”結果発表! 2位は「道の駅 川場田園プラザ」 栄えある1位に輝いたのは？,https://news.yahoo.co.jp/articles/97b546f836b7e71dc7eda779b279da9abcc1cd7b,7/27(土) 21:40
2024-07-29,07:06,business,経済,28,VAGUE,カーナビ表示は「北向き」派 それとも「進行方向が上」派？ 北向き表示でなぜ理解できるの!? 長い歴史が生んだその理由とは,https://news.yahoo.co.jp/articles/4ccc3fbe5b1f78302626ac043b907c1bd2805945,7/28(日) 21:10
2024-07-29,07:06,business,経済,29,共同通信,為替相場　　29日（日本時間　7時）,https://news.yahoo.co.jp/articles/b58963b5f21be658ceefef6cc618dd9c6c54d56d,7/29(月) 6:00
2024-07-29,07:06,business,経済,30,Merkmal,“関釜フェリー”の素晴らしさを語りたいのに「やばい！」しかでてこない,https://news.yahoo.co.jp/articles/14dc5e733f6e071117e5f7cedc6845705088be7e,7/28(日) 17:31
2024-07-29,07:06,business,経済,31,ファイナンシャルフィールド,令和6年度に「1世帯10万円」の給付金を受け取れる世帯とは？ 追加で「5万円」支給される場合もあるの？「物価高騰対策支援給付金」について解説,https://news.yahoo.co.jp/articles/a2247384a85be9b13fa1b3989ca24ae5daf2cec5,7/27(土) 11:20
2024-07-29,07:06,business,経済,32,ファイナンシャルフィールド,夫が定年後、再雇用してまで働きたくないと言っています。年金支給までの5年間、夫婦2人で生活するにはいくら必要でしょうか？,https://news.yahoo.co.jp/articles/469363d48b92e6ab738474e42b95c146f4726418,7/28(日) 14:20
2024-07-29,07:06,business,経済,33,ファイナンシャルフィールド,通帳ってどう捨てるのが正解ですか？もう使わない「預金通帳」がたくさんあります……。,https://news.yahoo.co.jp/articles/ee83160594b6448327a94d197a4c38c66377cd74,7/27(土) 11:40
2024-07-29,07:06,business,経済,34,Merkmal,宇都宮LRT「西口延伸」は本当に成功するのか？ 開業約1年で振り返るべき、「富山ライトレール」があまり活性化につながらなかった3つの理由とは,https://news.yahoo.co.jp/articles/9cd8f9b3e17aa7be68ece0d32de165dea7408d7b,7/28(日) 6:11
2024-07-29,07:06,business,経済,35,ファイナンシャルフィールド,「タンス預金300万円」を新紙幣に交換すると税務署にバレますか？交換しなくても使えるのでしょうか？,https://news.yahoo.co.jp/articles/5927d4c7e4300815bbc087ba0f62ac7b0bbfb47a,7/27(土) 11:20
2024-07-29,07:06,business,経済,36,乗りものニュース,37年越し!?「札幌―富良野の最短路」ついに全通 56kmの新たな大幹線 炭鉱とダムの先へ,https://news.yahoo.co.jp/articles/b8a59d689f7527a6e0b0aa03ff79148fcd0c7825,7/27(土) 12:32
2024-07-29,07:06,business,経済,37,くるまのニュース,突然浮上した北陸新幹線の「新京都駅」計画 実は「道路アクセス」結構イケてるかも!? 4車線道路だらけの「桂川エリア」とは,https://news.yahoo.co.jp/articles/c6c9ff88aded159af943bef2f2259748d5acce74,7/28(日) 7:10
2024-07-29,07:06,business,経済,38,くるまのニュース,5速MTあり！ ホンダの「斬新“カクカク”SUV」に反響多数!? 「カッコよすぎ」「今売って欲しい」 めちゃ「ユニークすぎデザイン」だった「エレメント」 どんなクルマ？,https://news.yahoo.co.jp/articles/3c6b893db07dd06b67a1ae5d89c9cd1057b1678c,7/28(日) 11:10
2024-07-29,07:06,business,経済,39,鉄鋼新聞,大雨特別警報発令の山形県、鋼材流通・加工業に影響も。河川氾濫・道路寸断で物流に懸念,https://news.yahoo.co.jp/articles/56cff9c6e7149afb9a8f1e71184257a375be3d19,7/29(月) 6:03
2024-07-29,07:06,business,経済,40,乗りものニュース,「JRを私鉄車両が走ってる！」って昔は当たり前!? 「私鉄の直通車両」の系譜 だから“国鉄そっくりカー”も,https://news.yahoo.co.jp/articles/2e50934ed123fc3ab9a3cc3ce07fb9d5ff9bc202,7/28(日) 7:12
