scrp_date,scrp_time,genre_en,genre_jp,rank,media_jp,title,link,date_original
2024-07-29,07:06,world,国際,1,TBS NEWS DIG Powered by JNN,ハリス副大統領に勢い　1週間で献金300億円　好感度調査でトランプ氏を大きくリード,https://news.yahoo.co.jp/articles/80ca2cd3a261fbe3f68e00a0b1bc1716c52bf34d,7/29(月) 4:37
2024-07-29,07:06,world,国際,2,KOREA WAVE,韓流アイドルのサイン会に22万円使った女性、驚愕の光景を目撃「もう行かない」宣言,https://news.yahoo.co.jp/articles/6da90b71819e23b0cddde74951f4b671c6fccedf,7/29(月) 5:03
2024-07-29,07:06,world,国際,3,時事通信,滑落は平出さんと中島さん　K2で不明、トップクライマー　パキスタン,https://news.yahoo.co.jp/articles/86146a0f6197f5765743d7e2ae4830ad6d189bd3,7/28(日) 15:11
2024-07-29,07:06,world,国際,4,朝鮮日報日本語版,日本にもいた「カゴン族」...スタバの席を自室状態にしている男性に怒りのコメント相次ぐ,https://news.yahoo.co.jp/articles/ffde6d67ed0a049a2bd43b895f1d67d0f01e647f,7/27(土) 11:15
2024-07-29,07:06,world,国際,5,GLOBE＋,パリオリンピックのメダル、データ会社「日本は47個」と予想　柔道やスケボーなど有力,https://news.yahoo.co.jp/articles/6a13a4f4ee80201825e120bbdda40a02956afb0b,7/26(金) 11:51
2024-07-29,07:06,world,国際,6,共同通信,ウクライナが秘密作戦か　ロシアが米長官に警告と報道,https://news.yahoo.co.jp/articles/8e7394a126dd1730fe93d7fdba3e82fd6fdd88cc,7/28(日) 9:04
2024-07-29,07:06,world,国際,7,朝鮮日報日本語版,韓国人は今なお遠大な夢に飢えている【寄稿】,https://news.yahoo.co.jp/articles/2ed7b7b55ab24c272e863d50eca73ee23f7ef946,7/28(日) 11:55
2024-07-29,07:06,world,国際,8,GLOBE＋,中国で深刻だったPM2.5、今は別の国が世界最悪　専門家「寿命が6.8年短くなっている」,https://news.yahoo.co.jp/articles/83677e8fa02bac0fe9225b8d8643e2641851825b,7/26(金) 6:00
2024-07-29,07:06,world,国際,9,FNNプライムオンライン（フジテレビ系）,K2で登山家・平出さん、中島さんが滑落　安否不明　パキスタン北部,https://news.yahoo.co.jp/articles/f344ef5792cbd2374e3308a397ac7ca49a5d3e64,7/28(日) 19:46
2024-07-29,07:06,world,国際,10,KOREA WAVE,韓流女優、防波堤でポーズ「罰金100万ウォン」…出入り禁止区域だった,https://news.yahoo.co.jp/articles/cb902b3e9c201c317676ac72d87faf895330f21e,7/29(月) 4:03
2024-07-29,07:06,world,国際,11,読売テレビ,【独自解説】北朝鮮で放送されたツッコミどころ満載の『ゴルフ番組』　摩訶不思議なボールで“100切り”連発⁉“初プレーでホールインワン11回・34打で回った天才”の息子・金正恩総書記の思惑とは―,https://news.yahoo.co.jp/articles/3452aeda961669551ff46de173398935490e14e3,7/28(日) 16:00
2024-07-29,07:06,world,国際,12,KOREA WAVE,韓国人が国内旅行を嫌う理由…7割が「休暇シーズンのぼったくり価格」,https://news.yahoo.co.jp/articles/7493b0925d476f8e1f03ed98009fbec06276f98c,7/29(月) 6:03
2024-07-29,07:06,world,国際,13,TBS NEWS DIG Powered by JNN,プーチン大統領 中距離ミサイル配備と改めて警告　ドイツへの長射程ミサイル展開に対抗措置,https://news.yahoo.co.jp/articles/13901c48731495abfe62bc6cc2ced15360a34cfe,7/29(月) 1:37
2024-07-29,07:06,world,国際,14,ABEMA TIMES,K2で日本人男性2人が滑落し安否不明 山岳事故相次ぐ パキスタン,https://news.yahoo.co.jp/articles/55360788598952f556e7a4a8662fae5c47778e07,7/28(日) 11:12
2024-07-29,07:06,world,国際,15,毎日新聞,五輪開会式の演出が物議　「キリスト教やゆ」との受け止めも,https://news.yahoo.co.jp/articles/75864ca7043f4032e621f0416fe67b2e527d02dd,7/28(日) 7:16
2024-07-29,07:06,world,国際,16,TBS NEWS DIG Powered by JNN,パリ五輪　トライアスロン　水質悪化で水泳の公式練習中止に,https://news.yahoo.co.jp/articles/afbf6dd7819fc12bbf7451acbc5c01f5f39c1b12,7/29(月) 6:46
2024-07-29,07:06,world,国際,17,中央日報日本語版,＜パリ五輪＞大韓民国女子アーチェリー１０連覇…ソウルからパリまで「３６年王座」,https://news.yahoo.co.jp/articles/9e08a505ebd9f29cecc4cfb885e2517f0033b904,7/29(月) 6:50
2024-07-29,07:06,world,国際,18,中央日報日本語版,パリで五輪を控えて２０代外国人女性の集団レイプ事件発生,https://news.yahoo.co.jp/articles/b64f83838005f958e3f542762ef4e2037eb4ffba,7/24(水) 10:51
2024-07-29,07:06,world,国際,19,共同通信,ハリス氏に活気、巻き返し　1週間で300億円集める,https://news.yahoo.co.jp/articles/6b17b8e064c97d8f30f0df3fae9a656220511946,7/29(月) 6:12
2024-07-29,07:06,world,国際,20,共同通信,米副大統領候補選び本格化　民主、白人男性3人有力か,https://news.yahoo.co.jp/articles/668f0c551e063e551f18c858fc1d907cea5a34a6,7/28(日) 7:03
2024-07-29,07:06,world,国際,21,TBS NEWS DIG Powered by JNN,「佐渡島の金山」が新たな世界遺産に!番組スタッフが見た決定の瞬間【インド・ニューデリー世界遺産委員会リポート　第二回】,https://news.yahoo.co.jp/articles/15b262da0617968ae8895a19dec40fdac57fde7b,7/29(月) 6:02
2024-07-29,07:06,world,国際,22,KOREA WAVE,韓流アイドルの舞台衣装、またもや物議…赤十字マークを無断使用？,https://news.yahoo.co.jp/articles/745a807026c4d5476fbf44a25c5ccde5b12a64ba,7/26(金) 11:03
2024-07-29,07:06,world,国際,23,共同通信,K2滑落の日本人2人は石井スポーツ所属,https://news.yahoo.co.jp/articles/696b40f718e2383ea086d44b9551898c8bed16f4,7/28(日) 10:05
2024-07-29,07:06,world,国際,24,FNNプライムオンライン（フジテレビ系）,サッカー女子カナダ代表、ドローン偵察で勝ち点6を剥奪,https://news.yahoo.co.jp/articles/73784c39ffb1f4afb6a00089d28c16d241b6f8ba,7/28(日) 21:39
2024-07-29,07:06,world,国際,25,KOREA WAVE,「中国人、韓国人お断り」新宿のレストラン…日本のネット上に、賛否それぞれの言い分,https://news.yahoo.co.jp/articles/67237fb3b99926e94323772244c52d9e70105c10,7/23(火) 17:33
2024-07-29,07:06,world,国際,26,FNNプライムオンライン,金正恩総書記を“スマホ撮影”随行幹部の行動に異変…今やスマホは必需品　北朝鮮住民は「家を売っても携帯買え」,https://news.yahoo.co.jp/articles/c05ca2383d92bc4993824b8590ded25586ea8484,7/28(日) 17:02
2024-07-29,07:06,world,国際,27,中央日報日本語版,「世界遺産」佐渡金山に行ってみたら…あちこちに朝鮮人労働者の痕跡,https://news.yahoo.co.jp/articles/b2e2493d333f2d9f1f6cd11961928f69eeb1e17f,7/28(日) 11:39
2024-07-29,07:06,world,国際,28,ABEMA TIMES,「K2」で日本人登山家2人が7000m地点から滑落 安否不明 遭難対策本部設置し情報収集,https://news.yahoo.co.jp/articles/2fe88ccf4e0c9c37b1f0ff39be828ed146e9ccc2,7/28(日) 16:18
2024-07-29,07:06,world,国際,29,BUSINESS INSIDER JAPAN,「S&P500は非常に危険」ウォーレン・バフェットお気に入りの指標が警告（海外）,https://news.yahoo.co.jp/articles/eec2cb553492098f7283cbe223723c5bf9e48229,7/26(金) 8:10
2024-07-29,07:06,world,国際,30,KOREA WAVE,「現地住民に止められても」南米コロンビアの危険地域で動画撮影…韓国ユーチューバー、袋叩きに,https://news.yahoo.co.jp/articles/a834306ccd3c03b3eb3a9dbc5cb2ff671abf73bd,7/28(日) 7:03
2024-07-29,07:06,world,国際,31,TBS NEWS DIG Powered by JNN,イスラエルが「ヒズボラ」拠点を空爆,https://news.yahoo.co.jp/articles/1856af224df2de7470d2dbb46747a6948a326dac,7/29(月) 3:20
2024-07-29,07:06,world,国際,32,朝鮮日報日本語版,「屈辱的」　印アーチェリー代表・白雄基監督、五輪開幕直前に解任されパリから帰国,https://news.yahoo.co.jp/articles/34502e2cc75fb05dc9f65c06d4eb4c0d28691f6c,7/24(水) 11:15
2024-07-29,07:06,world,国際,33,TBS NEWS DIG Powered by JNN,中国湖南省で山崩れ　21人が生き埋め　うち15人死亡,https://news.yahoo.co.jp/articles/0074d652ae642d71769469211e91f4ef3df0df0d,7/29(月) 1:36
2024-07-29,07:06,world,国際,34,中央日報日本語版,目に止まったチョウカを素手で叩き殺したら…片目を失った中国男性,https://news.yahoo.co.jp/articles/ab9c7a2889e55b254982f87f4c1cc8bc0f01c7c3,7/26(金) 9:33
2024-07-29,07:06,world,国際,35,中央日報日本語版,＜パリ五輪＞スパコンが予測した韓国の金メダル数,https://news.yahoo.co.jp/articles/1df37805adbcd4587ed74b4e4d872c942d892595,7/27(土) 9:22
2024-07-29,07:06,world,国際,36,ABEMA TIMES,トランプ前大統領「米をビットコイン超大国に」,https://news.yahoo.co.jp/articles/03577f1526923a64896eb70581294dbcbfec7e87,7/28(日) 18:42
2024-07-29,07:06,world,国際,37,時事通信,マレーシア、BRICS加盟を正式申請,https://news.yahoo.co.jp/articles/b983576e2a85dc4c9a63a388fb92163887e824b7,7/28(日) 22:17
2024-07-29,07:06,world,国際,38,TBS NEWS DIG Powered by JNN,トランプ氏「アメリカをビットコイン超大国に」　規制緩和推進を表明　政権に返り咲けばSEC委員長をただちに解任,https://news.yahoo.co.jp/articles/8ed73ee9ffdb203ee95358938982e5c686eecad9,7/28(日) 7:30
2024-07-29,07:06,world,国際,39,共同通信,K2滑落の2邦人、世界で活躍　未踏にこだわり、受賞多数,https://news.yahoo.co.jp/articles/8f8982737564de19a8cd6eb955745ed60ab7a887,7/28(日) 15:57
2024-07-29,07:06,world,国際,40,ロイター,ウクライナ軍、ロシア占領下クリミアの航空基地にミサイル攻撃,https://news.yahoo.co.jp/articles/1874787187342dd4eefc4f4a8b5d51369344fb9b,7/27(土) 6:38
