scrp_date,scrp_time,genre_en,genre_jp,rank,media_jp,title,link,date_original
2025-09-20,22:09,business,経済,1,産経新聞,大阪・関西万博「死にチケット」140万枚はなぜ生じた　協会、払い戻しなしに渦巻く疑問,https://news.yahoo.co.jp/articles/496fce9d2582b65da078fcafc6cb121e247a2091,9/20(土) 19:30
2025-09-20,22:09,business,経済,2,ファイナンシャルフィールド,近所のイオンは駐車場が「2時間無料・以降30分200円」です。夫が「出庫してもう一度入庫すればタダ」と言うのですが、これって“マナー違反”ですよね？,https://news.yahoo.co.jp/articles/7c655f127a64576ac2d93c85bfbbfc41c64da234,9/20(土) 13:30
2025-09-20,22:09,business,経済,3,ファイナンシャルフィールド,“2万円給付金”の支給対象が変更に？ 「全国民一律」で貰えるわけではないの!? 該当する可能性のある「住民税非課税世帯」の基準も解説,https://news.yahoo.co.jp/articles/8a6f290218a090492653644af5314a431f5c39b4,9/20(土) 13:30
2025-09-20,22:09,business,経済,4,LIMO,【元銀行員が教える】定年後に「お金で困らない人」の5つの共通点,https://news.yahoo.co.jp/articles/99d69f563a86ba0748963f211dbb136f8c78872d,9/20(土) 8:46
2025-09-20,22:09,business,経済,5,ファイナンシャルフィールド,祖父の遺品整理をしていたら「明治9年」の1圓硬貨が出てきました。売るとどのくらいの値段になるのでしょうか？,https://news.yahoo.co.jp/articles/43e14e0545a0ac2524681a1c443dbb45a5199fc4,9/20(土) 11:30
2025-09-20,22:09,business,経済,6,ITmedia ビジネスオンライン,日本のプロバスケが“世界初”の大改革へ　Bリーグが変える「スポーツ経営の常識」とは？,https://news.yahoo.co.jp/articles/fa79172be140c03dd32d0f08f267d92daa8ceb01,9/20(土) 21:13
2025-09-20,22:09,business,経済,7,Finasee,資産運用をしたいけれど…目安となる平均値は？ 「年収300万～500万円未満」世帯は株式、投資信託をいくら持っているのか,https://news.yahoo.co.jp/articles/da2f73686b9978daf41fccc92fbd5acca3eb1b51,9/20(土) 19:50
2025-09-20,22:09,business,経済,8,関西テレビ,"「1房千円以下も」シャインマスカット""猛暑影響で小粒・生産量増""で安価に「黄色い方が甘い」見分け方も",https://news.yahoo.co.jp/articles/adc4d67f669d49bb8503230a272d054cfee65929,9/20(土) 6:00
2025-09-20,22:09,business,経済,9,バイクのニュース,車検も車庫証明も不要、普通免許で運転可、100kmを80円で走れる3人乗りトライク 「VIVEL TRIKE（ビベルトライク）」 神奈川県伊勢原市のふるさと納税返礼品に採用,https://news.yahoo.co.jp/articles/e647994c88d21349e47532efa26e35e60231fa18,9/18(木) 6:55
2025-09-20,22:09,business,経済,10,ITmedia ビジネスオンライン,「10兆円ファンド」支援対象の東北大　理事・副学長に聞く「日本型研究人事」の課題,https://news.yahoo.co.jp/articles/7165fc20bb96e006178eadeb8d0b439a3b8d4581,9/20(土) 20:44
2025-09-20,22:09,business,経済,11,ファイナンシャルフィールド,夫の「通勤定期券」を使って休日に出掛けるのはアリですか？ 本人以外が使った場合不正になると聞きましたが、本当でしょうか？,https://news.yahoo.co.jp/articles/36a1a1a4eb24133c34c55426355c842a1727e14d,9/13(土) 13:10
2025-09-20,22:09,business,経済,12,テレビ朝日系（ANN）,コンビニのおにぎりから海苔が消えている!?なぜ暑い時期にインフルが!?池上解説,https://news.yahoo.co.jp/articles/8f925db79dd8d00f4d81a9e54fbe39aee8f772c7,9/20(土) 21:01
2025-09-20,22:09,business,経済,13,ファイナンシャルフィールド,退職金「2000万円」があるのに“生活が苦しい”という父。再就職して「月15万円」稼いでいるのに、なぜ余裕がないのでしょうか？,https://news.yahoo.co.jp/articles/f89358d3dc71d5abfa9e0b5afe39c8be530ff15c,9/19(金) 13:40
2025-09-20,22:09,business,経済,14,鉄道コム,ついに東京を走る「旅客会社の電気機関車」が全滅　「ベテラン機関車」がかつての名門機関区から去った日,https://news.yahoo.co.jp/articles/28d55ba5bc13e23af7854dff216a04d00b22c576,9/20(土) 11:35
2025-09-20,22:09,business,経済,15,ファイナンシャルフィールド,公務員で「貯蓄4000万円」という50代の義姉夫婦。やはり会社員より高収入で“余裕がある”のでしょうか？ 統計をもとに比較,https://news.yahoo.co.jp/articles/b4448bccf97caaf89acd4394589670b342687f67,9/20(土) 13:30
2025-09-20,22:09,business,経済,16,LIMO,【新NISA】つみたて投資枠「上限いっぱい」まで積立投資したら15年後の資産はいくらになるの？利回り別に試算,https://news.yahoo.co.jp/articles/9fcf8a2daad8844953a99f6e22f37d919d1826b6,9/19(金) 11:21
2025-09-20,22:09,business,経済,17,LIMO,【最長今年の12月まで】健康保険証が使えなくなるので注意！マイナ保険証を持っていない方には「資格確認証」が順次送付,https://news.yahoo.co.jp/articles/3593dc8a0dad24d46f4c1d64c556eb274830c6fd,9/20(土) 14:06
2025-09-20,22:09,business,経済,18,FNNプライムオンライン,「BAN博」SNSで報告相次ぐ　ボタン連打でアカウント停止　万博チケット「勝手に譲渡」被害も,https://news.yahoo.co.jp/articles/6ae0621c89cd437afa3144d25b3a843f36ebc3f7,9/19(金) 12:06
2025-09-20,22:09,business,経済,19,テレ東プラス,【独占密着】約280億円の負債「ハワイアンズ」再生に名乗りを上げた外資企業,https://news.yahoo.co.jp/articles/9db87928b878249d5a1955172dcba9efbdf349ad,9/20(土) 11:03
2025-09-20,22:09,business,経済,20,ニュースイッチ,ビジネスが突如破綻、節税コンサル企業が破産した背景,https://news.yahoo.co.jp/articles/6864034e6eac5861dafdc6b93150929507249bbf,9/20(土) 16:10
2025-09-20,22:09,business,経済,21,乗りものニュース,「1周しない山手線」「横浜駅まで行かない横浜線」まだある首都圏「残念な行先」路線！それぞれがもつ複雑なワケとは,https://news.yahoo.co.jp/articles/75bcee94b73ad584ff9a7cd379db1d57165b981c,9/20(土) 17:12
2025-09-20,22:09,business,経済,22,くるまのニュース,トヨタ「ヤリスクロス」の人気がスゴイ！ 「都会派×タフ感」でちょうど良いサイズ感が魅力！,https://news.yahoo.co.jp/articles/c5d94b686089b1a0e4e977ac630afd9c17643ced,9/20(土) 17:10
2025-09-20,22:09,business,経済,23,関西テレビ,万博チケット「勝手に譲渡」被害相次ぐ　使用され損失も　協会は不正アクセス否定「返金考える状況にない」,https://news.yahoo.co.jp/articles/c22e78525b7baf1c9466bd09b994486387df81ac,9/17(水) 5:00
2025-09-20,22:09,business,経済,24,carview！,次期「カローラ クロス」は26～27年に登場か？ 新開発エンジンに新世代プラットフォーム、AI対応システム搭載の全貌,https://news.yahoo.co.jp/articles/fbd9392ee05723e23a60f1c61d2e9c284b9458c5,9/20(土) 7:30
2025-09-20,22:09,business,経済,25,ファイナンシャルフィールド,医学部を卒業する息子は「大学病院」と「医療法人」の勤務医で進路に悩んでいるようです。収入面や仕事内容など、どのような違いがあるのでしょうか？,https://news.yahoo.co.jp/articles/3fa693ff2fb33b24f8650b3c64ba36e24b4c03d3,9/20(土) 11:40
2025-09-20,22:09,business,経済,26,ITmedia ビジネスオンライン,砂上の「1兆円企業」、メタプラネットの株価はなぜ暴落したのか？　「熱狂の代償」を払う個人投資家たち,https://news.yahoo.co.jp/articles/ba09e20ecf26aa7c01ba3c05e33d08a71abe46a3,9/19(金) 12:10
2025-09-20,22:09,business,経済,27,ファイナンシャルフィールド,10月から「ふるさと納税」の“ポイント還元”が全面禁止に！ 9月中に寄付すれば“最大400％相当”も得をするケースがあるって本当!? ポイント制度廃止に伴う影響や注意点も解説,https://news.yahoo.co.jp/articles/18ad2ee1fb0c6234842da3441894fcc1744d6619,9/20(土) 13:40
2025-09-20,22:09,business,経済,28,くるまのニュース,大阪〜和歌山「最短ルート」の国道168号にトンネル開通！ 「紀伊半島のド真ん中」通過の名物“酷道”が大変化！ 五條新宮道路の「山ブチ抜き」 相賀トンネル19日開通,https://news.yahoo.co.jp/articles/bcfab68709b3130b488ff745a12f26466f67ebb2,9/19(金) 7:20
2025-09-20,22:09,business,経済,29,産経新聞,「プラザ合意」22日で40年　トランプ流の通貨誘導で基軸通貨ドル危うく,https://news.yahoo.co.jp/articles/75ac7a7fb0773511a86452f8263c59b8f028c92a,9/20(土) 20:49
2025-09-20,22:09,business,経済,30,Merkmal,極東の日本が「ロケット発射」に適している理由 54兆円市場を後押し,https://news.yahoo.co.jp/articles/14b89a165c9e22fcc448a257dd503cefd083f341,9/20(土) 20:51
2025-09-20,22:09,business,経済,31,くるまのニュース,新車67万円！ ヤマハが新型「NMAX」台湾で発表！ 電子制御クラッチ×豪華装備を採用！ 通勤にもツーリングにも最適なスポーツスクーターとは！,https://news.yahoo.co.jp/articles/63eefc9e50cfcd59727ad84b4ff2fc464b866720,9/20(土) 9:10
2025-09-20,22:09,business,経済,32,くるまのニュース,茨城「県内“最長”トンネル」まもなく開通！ くねくね峠道の“難所”を「ズバッと貫通」 30年越し計画の一大事業「上曽トンネル」27日に供用開始,https://news.yahoo.co.jp/articles/a155742d199724e21f2f1e88adcc775ec1331ff4,9/18(木) 7:05
2025-09-20,22:09,business,経済,33,読売新聞オンライン,トランプ政権「黄金株」権限行使を示唆、商務長官がＵＳスチールのトップに操業継続迫ったか,https://news.yahoo.co.jp/articles/10d45ceb3266a0418898e60350f70f131c6c4496,9/20(土) 21:32
2025-09-20,22:09,business,経済,34,ファイナンシャルフィールド,先日「休日に病院」を受診したら「時間外加算」を含め、合計で“4500円”請求されました。この金額は妥当でしょうか？,https://news.yahoo.co.jp/articles/f0814adfaecf55168ee1588e7091e36c1d5c72bc,9/14(日) 11:40
2025-09-20,22:09,business,経済,35,ねとらぼ,【大阪万博】住友グループで社内配布の「パビリオン優先入場券」、“1枚10万円”の超高額転売が横行……　担当者「極めて遺憾」,https://news.yahoo.co.jp/articles/b6c78970c67830f5de0705cb87b40d0f753af40d,9/18(木) 17:17
2025-09-20,22:09,business,経済,36,ファイナンシャルフィールド,高齢の母から「口座から引き出してきて」と頼まれました。家族が代わりにお金を下ろす行為は問題ないのでしょうか？,https://news.yahoo.co.jp/articles/08ac3389c719507e90da6984cd41df427fd1c2e8,9/14(日) 10:30
2025-09-20,22:09,business,経済,37,carview！,「ノア／ヴォクシー」改良にユーザーの反応は？「内容が少なすぎる」「値上げの印象が強い」の声…それでも人気で受注停止中,https://news.yahoo.co.jp/articles/fb7aefb806d065737329feb2aa5d3972ef85c2fe,9/20(土) 19:40
2025-09-20,22:09,business,経済,38,carview！,新型「アクア」の“ハンマーヘッド顔”に販売現場は好意的。“納期年明け以降”も受注好調で今後伸びる可能性,https://news.yahoo.co.jp/articles/436259c6a8eb1c3e307edbb9a4a43f7504c61f5f,9/19(金) 11:32
2025-09-20,22:09,business,経済,39,TBS CROSS DIG with Bloomberg,iPhone 17 Proに発売直後から傷の報告、SNSで投稿相次ぐ-需要は堅調,https://news.yahoo.co.jp/articles/507e1dd2f15484d6b20185d7c1d27f7d1dc74b85,9/20(土) 6:03
2025-09-20,22:09,business,経済,40,LIMO,【みんなの貯蓄額】貯蓄が「4000万円以上」ある世帯は何パーセント？そんな世帯の「平均年収」ってどれくらい？調べてみた,https://news.yahoo.co.jp/articles/41c941f4e986ca553457d63eb603c7285adeea6a,9/18(木) 20:16
