scrp_date,scrp_time,genre_en,genre_jp,rank,media_jp,title,link,date_original
2025-09-26,05:07,life,ライフ,1,ENCOUNT,「うるせぇなバーカ」ラーメン店で客に暴言？　返金もされず…ネット大炎上　店主は取材に沈黙,https://news.yahoo.co.jp/articles/641cc50d699e2c9701e2a6afa8e26db0d2395711,9/25(木) 13:44
2025-09-26,05:07,life,ライフ,2,ENCOUNT,「どうやって入れたんや」驚異的な縦列駐車　しかも5年間毎日…“無事故”報告にネット「もはや神業」,https://news.yahoo.co.jp/articles/2df81bda953ce5ec846a2e9c636df629a7032ba4,9/25(木) 9:10
2025-09-26,05:07,life,ライフ,3,ねとらぼ,キッチンシンクに“ブックエンド”を置くだけで……「こんな使い方が!!」秒で感動、家事がラクになるアイデアが話題,https://news.yahoo.co.jp/articles/37e97291279c9c91b39168f29ac2d9e1a9df439f,9/24(水) 9:45
2025-09-26,05:07,life,ライフ,4,ねとらぼ,Amazonで買った“猫型のランプ”→開封してみたら……　まさかのビジュアルに「これは酷い」「猫ではあるけど……」,https://news.yahoo.co.jp/articles/f11043c0d503105014d085737d7279e532300ecc,9/25(木) 17:05
2025-09-26,05:07,life,ライフ,5,LIMO,成猫の上で「くつろぐ子猫」　約3年後に撮影された「同じ体勢」に笑ってしまう,https://news.yahoo.co.jp/articles/9d5c3a1868195696a54b71d06d6e80c0cc4404fb,9/24(水) 17:21
2025-09-26,05:07,life,ライフ,6,ねとらぼ,「アイシャドウの塗り方がわからん」→“目からウロコのアイデア”で解決！　360万表示の工夫に「この手があったか」　投稿者に話を聞いた,https://news.yahoo.co.jp/articles/f13e4de127c216a3d19c24dacfbabca1d831f9e5,9/25(木) 19:30
2025-09-26,05:07,life,ライフ,7,OTONA SALONE,東大生が「万博」で2時間も滞在するほど感動した展示とは。「2倍面白くなった」パビリオンの見方も「さすがすぎる」,https://news.yahoo.co.jp/articles/6c9c40af21ee2e334bc38a5c433700f1ea15bd49,9/25(木) 20:30
2025-09-26,05:07,life,ライフ,8,ねとらぼ,世界陸上・中島ひとみ選手“愛用の日焼け止め”が判明　「まじでみんな知りたかったこと」「今年一の有益情報」と反響,https://news.yahoo.co.jp/articles/f1c85cd672a6642aa2b6ddbfb2ccd57daf1c4cae,9/25(木) 15:46
2025-09-26,05:07,life,ライフ,9,ねとらぼ,クワガタ採集で見かける“小さい地味な虫”→2カ月育てたら……　「予想と全然違ってびっくり」「ずっと気になってた」,https://news.yahoo.co.jp/articles/eb024cfa3a334a10f6b3680972dc1579a51588e7,9/25(木) 22:05
2025-09-26,05:07,life,ライフ,10,ファイナンシャルフィールド,一人暮らしを心配され、来月から息子夫婦と同居する予定です。年金は「月8万円」ほどなのですが、生活費はいくらくらい渡すのが正解なのでしょうか？,https://news.yahoo.co.jp/articles/51fdc2ea7dc4b0859a10c89d46743ebf05d60214,9/25(木) 16:40
2025-09-26,05:07,life,ライフ,11,Hint-Pot,ホテルの蛇口が短すぎて湯船に「全然届かへんやんけ！」→まさかの真相に衝撃　「発想力に感心」,https://news.yahoo.co.jp/articles/20e524519890b1f188a5ae50419b3ddc94f5eb67,9/25(木) 10:29
2025-09-26,05:07,life,ライフ,12,ねとらぼ,30ドルで誕生日ケーキを注文→店員「本当にごめんなさい」　1600万再生の“箱の中身”に「逆に好き」【海外】,https://news.yahoo.co.jp/articles/26ef3770abf15d1efc757a198e392644ed5abee9,9/25(木) 21:30
2025-09-26,05:07,life,ライフ,13,ほ・とせなNEWS,幼い三つ子が大きくなった結果…その姿に「イケメン3人組」「かわいすぎます」「幸せも3倍」の声　現在の様を聞いた,https://news.yahoo.co.jp/articles/149f454bd8cbbefae41e4272b4cde8c522b8c9d0,9/25(木) 11:00
2025-09-26,05:07,life,ライフ,14,ほ・とせなNEWS,じいじと孫5人をお留守番させた結果…帰宅後に見た光景に「愛に泣けちゃいます」「グッときました...」「冥利に尽きますね！」,https://news.yahoo.co.jp/articles/2d45fce4ddc1933dd9a4ce702b175ea4937dfecc,9/21(日) 14:27
2025-09-26,05:07,life,ライフ,15,LIMO,ホテルで使い終わったタオルをどこに置いてる？スタッフの回答に「次からそうします」と納得する声も,https://news.yahoo.co.jp/articles/18f036c1c1d220bb7102abcc8d3660d3fe98f407,9/25(木) 6:31
2025-09-26,05:07,life,ライフ,16,ほ・とせなNEWS,「天才産んでもうた」小1息子の刺しゅう作品　→想像を絶する完成度に「才能の塊」「売ってほしい」,https://news.yahoo.co.jp/articles/823f72d1b6df6fef929f0544caab1571e463d40c,9/24(水) 7:00
2025-09-26,05:07,life,ライフ,17,ねとらぼ,古くなったショールは捨てないで！　細長く切って重ね合わせていくと……　リビングで活躍するくつろぎアイテム完成に「とても精巧で素晴らしい」「良いアイデア」【海外】,https://news.yahoo.co.jp/articles/a0c8974b992872a0ee08ef5994ebb4804bd9f812,9/23(火) 14:30
2025-09-26,05:07,life,ライフ,18,ねとらぼ,彼女にフラれた26歳男性→どん底から“わずか1年”で……　別人のような姿に「努力すごい」「ここまで変われるのか」,https://news.yahoo.co.jp/articles/e55e4cf1edf3744e9ec7b74a34f7de130d35354c,9/25(木) 20:00
2025-09-26,05:07,life,ライフ,19,メディカルドック,「糖尿病」になりやすい・なりにくくなる“食べ物”はご存じですか? 医師が教える糖尿病予防,https://news.yahoo.co.jp/articles/4ed5c8e661ca4c2ca7d91820ac19317b37e8fd88,9/24(水) 7:30
2025-09-26,05:07,life,ライフ,20,ほ・とせなNEWS,母にビールを注ぐ娘の写真→16年後の現在の姿に「お母さん若くなってる」「可愛く育った」「お二人とも綺麗」,https://news.yahoo.co.jp/articles/3f9ab99ef9e13ce5a809208c25f3fa30502e5874,9/25(木) 18:00
2025-09-26,05:07,life,ライフ,21,ほ・とせなNEWS,母「避難訓練しよう」3人の娘に言った結果…直後“まさかの対応”に「尊すぎる」「自然と涙出てきた…」「優しさしかない空間」,https://news.yahoo.co.jp/articles/415492f48134b36d47a2b05bc9cae5b005df342a,9/25(木) 22:29
2025-09-26,05:07,life,ライフ,22,トラベル Watch,ミャクミャク×英国「ポール・スミス」コラボグッズ。遊び心のあるトートバッグやTシャツ、東ゲートの大丸松坂屋百貨店限定,https://news.yahoo.co.jp/articles/091cffdc439188389c967f60b5ae3f3d1d9b5790,9/26(金) 0:00
2025-09-26,05:07,life,ライフ,23,ねとらぼ,実家に預けた愛犬をペットカメラで見たらなんと……　おばあちゃんと始めた驚きの光景が151万再生「これやってみたい！」「おかん、最高」,https://news.yahoo.co.jp/articles/0a0c90d180fb7fff19ec070fe8a9d91b72ce8e19,9/25(木) 20:45
2025-09-26,05:07,life,ライフ,24,まいどなニュース,【心配】柴犬がごはんを食べない……病院で下された衝撃の診断名とは　検査費用2万6000円の結果に爆笑と共感の声「さすがシヴァ神」,https://news.yahoo.co.jp/articles/925cff6037b9ad59c3ecf3983af90536186b37b6,9/25(木) 17:30
2025-09-26,05:07,life,ライフ,25,ファイナンシャルフィールド,単身で都営住宅に住んでいますが、パート収入が「月15万円→20万円」に。収入が「入居基準」を超えた場合、どれくらいで退去しなければいけないのでしょうか？,https://news.yahoo.co.jp/articles/944714fc161bf8898dfd41db5e84424d362a06e0,9/24(水) 18:20
2025-09-26,05:07,life,ライフ,26,トラベル Watch,パステルカラーのミャクミャク×ジェラピケ、明日から3日間限定で再販売。購入方法をチェック！,https://news.yahoo.co.jp/articles/39be92554e50a1c0ac1187fc60d214dc0e419a55,9/26(金) 0:00
2025-09-26,05:07,life,ライフ,27,ねとらぼ,のりやハサミはいらない！4枚の折り紙を折るだけで……　目からウロコのお役立ちアイテム完成に「本当に素敵」,https://news.yahoo.co.jp/articles/688d3b3bc8d3c4fbf3058f6d5295f69f6307adb3,9/24(水) 9:15
2025-09-26,05:07,life,ライフ,28,ねとらぼ,ボビンに毛糸を通していくと……　おばあちゃんが教えてくれた、目からウロコの刺しゅう作品に「美しい作品」「優れたハンドメイド」【海外】,https://news.yahoo.co.jp/articles/764059efee244b8fc93a2fd3d20eaa24df9e2460,9/25(木) 7:00
2025-09-26,05:07,life,ライフ,29,ねとらぼ,「レインブーツに見えない」ザ・ノース・フェイスの“レインブーツ”が人気　「ほかにはないスタイリッシュさ」「軽く、歩きやすくかっこいい」,https://news.yahoo.co.jp/articles/1bebee9ca5f69586af865cdacdaef34a506c6353,9/25(木) 20:50
2025-09-26,05:07,life,ライフ,30,Lmaga.jp,チケットあるのに予約できない…万博「未使用チケット」に救済措置！？ 無料の「招待券」も対象,https://news.yahoo.co.jp/articles/c53009fad1938f1d215d2337e8d85eb1f4d72fd1,9/25(木) 19:10
2025-09-26,05:07,life,ライフ,31,ねとらぼ,「こういう弁当でええ！」　“おっさん”が自分用に作った弁当に称賛続出　「おいしそー！」「とってもかわいい」,https://news.yahoo.co.jp/articles/2f91a415b4d3c00c528aaa1d09f32bd78474ccbd,9/24(水) 20:30
2025-09-26,05:07,life,ライフ,32,Lmaga.jp,【速報】万博が「チケット販売終了」を正式発表…早朝から行列ができた「当日券」は、２６日で最後に,https://news.yahoo.co.jp/articles/9428e37d15c4c8b94e4f350d94c9e4befdaf64ef,9/25(木) 16:55
2025-09-26,05:07,life,ライフ,33,ねとらぼ,「毎年4〜5枚購入」　ユニクロの“万能Tシャツ”が大人気　「身体のシルエットを拾わない」「あまりにも良くてリピートしました」,https://news.yahoo.co.jp/articles/b1eac3001c4eba6c56fa971e7daf76723e8d5272,9/25(木) 21:00
2025-09-26,05:07,life,ライフ,34,まいどなニュース,“おじいさん”が家に入ってきて→炎天下だから「飲みものが欲しい」　　足元を見て、主婦がハッ！と気づいたこと「覚えておきます！」「良い情報ありがとうございます」,https://news.yahoo.co.jp/articles/e0c98ad037017268f73849c91d0217ca19c77ea7,9/25(木) 6:50
2025-09-26,05:07,life,ライフ,35,ねとらぼ,「もう5足目」　ワークマンの“950円シューズ”がリピーター続出の人気！　「長い時間・距離を歩いても疲れません」「感動の安さとオシャレなデザイン」,https://news.yahoo.co.jp/articles/25b8fe2d5ee52e2b29560eabb47ae970e9d8c47c,9/25(木) 16:30
2025-09-26,05:07,life,ライフ,36,ねとらぼ,「これは卑怯……」　劇場版「鬼滅の刃」新ビジュアルの“青い花”に考察続々　「大号泣」「花言葉が……」「よく気づいたねww」,https://news.yahoo.co.jp/articles/9a1c7af26326ce16ef1ba47a62d3f00868feffb4,9/25(木) 14:47
2025-09-26,05:07,life,ライフ,37,ねとらぼ,「スニーカーはこれ一択」　 ワークマンの“1900円シューズ”が大人気　「履いているのを忘れるくらい履き心地が良い」「何も不満がありません」,https://news.yahoo.co.jp/articles/66db6eebe075994382e9b0b4cf46fb881a92e1cb,9/25(木) 12:20
2025-09-26,05:07,life,ライフ,38,All About,今「iPhone 5s」「iPhone 6」が売れ筋!? メルカリで中古スマホを賢く売るヒント,https://news.yahoo.co.jp/articles/285401bda32803b6a0345d2f1e4774aec542deed,9/25(木) 21:50
2025-09-26,05:07,life,ライフ,39,ねとらぼ,「最強リュックです」　ワークマンの“2500円バッグ”が人気の理由　「めちゃめちゃ軽いので疲れない」「はっ水でオンオフ使えるデザイン」,https://news.yahoo.co.jp/articles/19aeb814288dd762c1d91f6fb228674bed4b1374,9/24(水) 12:20
2025-09-26,05:07,life,ライフ,40,ねとらぼ,「運動中も涼しい！」Mont-bell（モンベル）の“万能ジャケット”が人気　「軽くて小さく畳める」「雨にも対応できて便利」,https://news.yahoo.co.jp/articles/e98a0700e87b80e70052a248f8e49dcbd36c2d38,9/25(木) 14:00
