scrp_date,scrp_time,genre_en,genre_jp,rank,media_jp,title,link,date_original
2025-08-20,21:12,business,経済,1,J-CASTニュース,キャッシュレス手数料負担訴えたファミマ、QUOカード取り扱いから撤退　3大コンビニの一角崩れる,https://news.yahoo.co.jp/articles/72d30bc81fd82f71db0714b19b95fccd8dd45c7a,8/20(水) 18:57
2025-08-20,21:12,business,経済,2,ハフポスト日本版,サイゼリヤが突然の謝罪。全国で返金対応「深くお詫び」人気メニューに何が起きた？,https://news.yahoo.co.jp/articles/1c89060d27c1e9b7ba44a81dbba41e022d310849,8/20(水) 17:24
2025-08-20,21:12,business,経済,3,ファイナンシャルフィールド,車は“5年サイクル”で買い替える派vs“長年”しっかり乗る派！ お金が残るのはどっち？,https://news.yahoo.co.jp/articles/07a4d969dd0fa6a412ee9da207ae8a5643e646c4,8/19(火) 18:50
2025-08-20,21:12,business,経済,4,鉄道コム,台湾版新幹線の新型車、形式名は「N700ST」に　外観も発表、2027年デビュー予定,https://news.yahoo.co.jp/articles/8eddb6947c30252551ca71ca2af367ba4f03ae69,8/20(水) 16:44
2025-08-20,21:12,business,経済,5,ハフポスト日本版,鬼滅の刃×くら寿司のコラボグッズ第2弾。描き下ろしイラストに「なんやて！」「激アツやなぁ」,https://news.yahoo.co.jp/articles/05c7685b4b0591ee6c6bf6d762cfbd08fbf6dd15,8/20(水) 16:23
2025-08-20,21:12,business,経済,6,くるまのニュース,スズキ新「エブリイ」発表！ 斬新「ブラック仕立て」＆目を惹く“専用装備”採用！ 画期的な「両側パワースライドドア」など装備充実でサイコー！ “4WD仕様”もあるターボモデル「Jリミテッド」登場！,https://news.yahoo.co.jp/articles/9db17fce73f0a2219caf68b8c9de97fb99ee15b0,8/20(水) 13:10
2025-08-20,21:12,business,経済,7,共同通信,「もったいない」と消費期限延長か,https://news.yahoo.co.jp/articles/e5fc9136240a6cbaeea76eab69f1be25d59a5e34,8/20(水) 17:56
2025-08-20,21:12,business,経済,8,くるまのニュース,「日本一巨大なショッピングモール」に高速道路ができる!? 土休日の「大渋滞」解消へ前進！ 開通すれば春日部まで「信号ゼロ」に！ 「東埼玉道路」工事の進捗は,https://news.yahoo.co.jp/articles/98df08ee2a3b8b11513da6006ccd5514b4056038,8/20(水) 16:10
2025-08-20,21:12,business,経済,9,くるまのニュース,トヨタ斬新「Tjクルーザー」に反響多数！ 「ちょうどいいサイズ感」「カクカクデザインがカッコイイ」「欲しい」の声も！ フラットな“めちゃ広ッ車内”も魅力！  2017年に初公開の「SUVミニバン」コンセプトに再注目！,https://news.yahoo.co.jp/articles/b8b25d3b0ee1f8871c2198f9a6a27635328f97f2,8/20(水) 6:10
2025-08-20,21:12,business,経済,10,MBSニュース,【万博】残り2か月を切り、午前の『入場枠無し』相次ぐ混雑予想　23日は西ゲート全時間枠無し　すでに入場券は『日時指定のみ販売』,https://news.yahoo.co.jp/articles/83f3edb986c39c83c06260ec0f9959474e4648a3,8/19(火) 12:54
2025-08-20,21:12,business,経済,11,ファイナンシャルフィールド,母の遺品整理中に床下収納から「300万円」を発見！存在も知らなかったのですが、これも相続財産になるのでしょうか？,https://news.yahoo.co.jp/articles/e2e2b3639ac21f8b81e1a80c7e809d4084c14391,8/20(水) 17:40
2025-08-20,21:12,business,経済,12,ファイナンシャルフィールド,【給付金】参院選で与党「過半数割れ」だったけど、結局「2万円」はもらえる？ 選挙後の動きと“実施の可能性”を確認,https://news.yahoo.co.jp/articles/1a4bcd010d6e1dbe80de5a77a3d44e44f7a2a163,8/19(火) 13:30
2025-08-20,21:12,business,経済,13,みんかぶマガジン,燃え尽きた？部活やりすぎ？医学部生特有の事情が影響する「留年のパターン」医師を目指すキャリア序盤の盲点,https://news.yahoo.co.jp/articles/32ecb74ba3b6678e80565665a67310009383685a,8/20(水) 19:10
2025-08-20,21:12,business,経済,14,ファイナンシャルフィールド,親戚に「年収600万円」と言ったら驚かれました。30代で同じくらい稼いでいる人は珍しいのでしょうか？,https://news.yahoo.co.jp/articles/728ebac2733cb31f906da588e7eea94c506de43b,8/20(水) 14:40
2025-08-20,21:12,business,経済,15,時事通信,KDDI、UQモバイル既存プラン値上げ,https://news.yahoo.co.jp/articles/49f48ff6376146a072f01a460d098de87cea19bb,8/20(水) 20:00
2025-08-20,21:12,business,経済,16,くるまのニュース,NEXCO激怒「告発も視野に入れます！」 「4年で計20回」も“不正通行”した事業者を公表！ 規格外の「超・大型車両」を法律ガン無視・無許可で走行！ 「即走行中止」の場合も？,https://news.yahoo.co.jp/articles/ad5db21c26ddc0ab341968b1b2ed73f4d88133a4,8/20(水) 12:00
2025-08-20,21:12,business,経済,17,LIMO,【定額減税の不足額給付】横浜市ではすでに通知発送！最大4万円「自動的に振り込まれる対象とはどんな人？」,https://news.yahoo.co.jp/articles/b6f51eef0acdf21d8db76d9846972bad3019c2a3,8/20(水) 20:51
2025-08-20,21:12,business,経済,18,乗りものニュース,1.4キロ通行止め→迂回路「294.5キロ」!? 豪雨で被災した国道 今もまだ迂回路200キロ超,https://news.yahoo.co.jp/articles/83959cdd34c5ae946f52a9bc3ca03f2602aaef84,8/20(水) 19:12
2025-08-20,21:12,business,経済,19,ITmedia ビジネスオンライン,排外主義の根底にある「貧困」――日本ペンクラブ、炎上覚悟で発した声明の意図は　桐野夏生会長に聞く,https://news.yahoo.co.jp/articles/942cd6a5a5a760f2505ad4ab8b40bfd388bcc819,8/20(水) 8:10
2025-08-20,21:12,business,経済,20,乗りものニュース,クルマは「自転車レーンまで幅寄せして左折」←違反の場合も 免許持ちも自転車乗りも知らない「正しい左折」反則金導入で変わる？,https://news.yahoo.co.jp/articles/90162d7f032d3679b16e0295e5fea1cd6fc0846f,8/20(水) 9:42
2025-08-20,21:12,business,経済,21,ねとらぼ,サイゼリヤの「人気メニュー」、全国で料金誤徴収の可能性……　返金対応を実施「深くお詫び」,https://news.yahoo.co.jp/articles/f1dbf122a29821102cc24e6da2df903990a3ce71,8/19(火) 19:50
2025-08-20,21:12,business,経済,22,食品産業新聞社ニュースWEB,ケンタッキー「とろ～り月見」シリーズ、8月27日から全国販売開始/目玉焼き風オムレツを3つ積み上げた「トリプル月見バーガー」は7店舗で8月20日より先行発売,https://news.yahoo.co.jp/articles/dde04fb8ee2056f2e13b0b9f1106ad6ecd259d45,8/20(水) 13:03
2025-08-20,21:12,business,経済,23,乗りものニュース,「日本一長い橋」の倍以上!? 新たな“海上橋”実現なるか 2ルート目の離島架橋 つなぐとどうなる？,https://news.yahoo.co.jp/articles/bd83ce866612e4f8665dbf435af802034e82ca2c,8/20(水) 8:12
2025-08-20,21:12,business,経済,24,乗りものニュース,戦艦の“神話”を打ち砕いた事件──先代「プリンス・オブ・ウェールズ」を沈めた日本海軍の衝撃,https://news.yahoo.co.jp/articles/59194860c6c59b35907c058689f4166017c36c8d,8/20(水) 17:12
2025-08-20,21:12,business,経済,25,Impress Watch,京阪、有料座席車両「プレミアムカー」を2両に拡大,https://news.yahoo.co.jp/articles/2689d8d4c12b66bc6002d58ba9f0cd1cbf3d3e8e,8/20(水) 20:00
2025-08-20,21:12,business,経済,26,乗りものニュース,「最大の護衛艦」からステルス機が飛び立った！ 勢いよく離陸する瞬間を捉えた映像が公開   “垂直着艦”も,https://news.yahoo.co.jp/articles/22f85bdd7332c31b296ee6ecff11e2edcdad6f55,8/20(水) 6:12
2025-08-20,21:12,business,経済,27,ITmedia ビジネスオンライン,月給アップの代わりに、ボーナス半減!?　賞与の給与化で、モチベーションが“ダダ下がり”も……その深刻なデメリット,https://news.yahoo.co.jp/articles/0408d3b419560b1f1de502795dde0ebded1a35c0,8/20(水) 5:45
2025-08-20,21:12,business,経済,28,ファイナンシャルフィールド,実家の敷地に家を建てる予定で、父が建築費として「1000万円」を出してくれるそうです。「相続税対策になるから」と言っていますが、本当に節税になるのでしょうか？,https://news.yahoo.co.jp/articles/7e0ce84db6779c6b0c1e761cc7a13f0d26aa8b0d,8/20(水) 8:10
2025-08-20,21:12,business,経済,29,共同通信,マック、ハッピーセットのトレカ中止,https://news.yahoo.co.jp/articles/fc261fdaecac8fea29b9e48830f118895edca047,8/20(水) 19:24
2025-08-20,21:12,business,経済,30,Finasee,住宅ローン【フラット35】を選んだ理由ランキング　ほかの住宅ローンとはどう違う？,https://news.yahoo.co.jp/articles/2352d6cdbd55231b69652309f3e94f4d8a5598e9,8/20(水) 19:30
2025-08-20,21:12,business,経済,31,ニュースイッチ,最高出力18馬力…カワサキモータース、新型多目的バイクを発売,https://news.yahoo.co.jp/articles/e22380b12fc0de28633785899de629d516564e04,8/20(水) 9:40
2025-08-20,21:12,business,経済,32,みんかぶマガジン,トランプ関税交渉の本丸は「セクター別関税」である理由…米国側は「してやったり」だった関税交渉,https://news.yahoo.co.jp/articles/e05419aaf0f1e5166cf75f5a9347a866c2db0d66,8/20(水) 19:11
2025-08-20,21:12,business,経済,33,THE EV TIMES,BYDがエンジンありのクルマを日本に導入予定！　気になるPHEV「シーライオン6」はやっぱり低価格で勝負!!,https://news.yahoo.co.jp/articles/6b1c56c67c895a11091103c9e608bf9fc774146b,8/20(水) 18:25
2025-08-20,21:12,business,経済,34,まいどなニュース,「船長よ謝らないでくれ」　地震津波に備え入港を延期　さんふらわあ号船長が自らアナウンス　プロフェッショナルな対応が話題,https://news.yahoo.co.jp/articles/9e3aa9954ee4ca58f9787b2cef3bf4126532613a,8/20(水) 7:20
2025-08-20,21:12,business,経済,35,Finasee,東京電力ホールディングス【9501】株価5年で2.1倍　PBR復調のカギ「柏崎刈羽」稼働なら年間収支1000億円改善　再開の時期は？,https://news.yahoo.co.jp/articles/0b908e366797ebc50c41c6b948806f3c8de433e2,8/20(水) 11:53
2025-08-20,21:12,business,経済,36,AUTOCAR JAPAN,生き残った5気筒ターボ　4代目 アウディRS3（1）　ワイドフェンダーが包む傑出ハードを略説,https://news.yahoo.co.jp/articles/95ba88106c848efa8c2b059ea7d6af1a197bb6a4,8/20(水) 19:05
2025-08-20,21:12,business,経済,37,時事通信,大手メーカー、本社移転相次ぐ　東芝、富士通など「ゆかりの地」に,https://news.yahoo.co.jp/articles/7e4bed4d4c7f87b96137009b320d270577f20a68,8/20(水) 7:05
2025-08-20,21:12,business,経済,38,朝日新聞,福岡の最低賃金1057円に　目安上回る65円引き上げ、審議会答申,https://news.yahoo.co.jp/articles/17d6e192ad7c70c249dade0486e0b7334ecfca24,8/20(水) 19:15
2025-08-20,21:12,business,経済,39,食品産業新聞社ニュースWEB,ほっともっと「海鮮天丼」発売、期間限定メニュー1位の人気弁当,https://news.yahoo.co.jp/articles/a85eb2b2c9cb0c1f84b3bd46ffbcc96132ff4d50,8/20(水) 15:05
2025-08-20,21:12,business,経済,40,くるまのニュース,【中国】復活！ 日産新型「ティアナ」発表！ 約7年ぶりに「全長5m級フラッグシップセダン」として登場！ 「アルティマ」上位モデルとして、発売へ,https://news.yahoo.co.jp/articles/25b85fd8221093c8be9621fb3be9d7f692e3182e,8/20(水) 11:10
