scrp_date,scrp_time,genre_en,genre_jp,rank,media_jp,title,link,date_original
2024-09-15,20:05,business,経済,1,ファイナンシャルフィールド,「1500万円」はするエリアの空き土地が「500万円」で売りに出されていました。なにか裏事情があるのでしょうか？,https://news.yahoo.co.jp/articles/019412493444f7854b14e09650e68e20024b20b4,9/15(日) 18:10
2024-09-15,20:05,business,経済,2,乗りものニュース,ハマったら辛い！関東の「めちゃ渋滞する橋」6選 回避したくても“他の橋”はあるのか!?,https://news.yahoo.co.jp/articles/42e1c375132267a94db00bf2037e3934861f529b,9/15(日) 12:12
2024-09-15,20:05,business,経済,3,ファイナンシャルフィールド,新幹線の「グリーン車」に乗ったことがありません。やはりお金持ちの利用者が多いのでしょうか？,https://news.yahoo.co.jp/articles/4b94322b0b217a97e80f4a4596f0d5f621ce4e2b,9/15(日) 13:10
2024-09-15,20:05,business,経済,4,LIMO,2024年10月から年金額が変わる？在職定時改定で「年金が増える人・減る人」がいる理由,https://news.yahoo.co.jp/articles/b3c53820c31df6e0076ecd8b907689b1b0f37f7b,9/15(日) 5:02
2024-09-15,20:05,business,経済,5,Webikeプラス,【続報サヨナラ50cc】税金は50ccのまま？　原付免許で特定の125ccに乗れる「新原付」の税制はどうなる？,https://news.yahoo.co.jp/articles/db53c4d013a27ec4bcf222a95ad670d0bf1f7bd7,9/15(日) 18:40
2024-09-15,20:05,business,経済,6,ファイナンシャルフィールド,子どもの通帳に10年間で「600万円」貯めました。大学卒業時に渡したいのですが、一度に渡すと“贈与税”がかかるでしょうか？,https://news.yahoo.co.jp/articles/4f8e2e09f0575f977c7e5e40f09d2d2d6074f74d,9/15(日) 11:30
2024-09-15,20:05,business,経済,7,乗りものニュース,あの時オービス光ってた!? “ものすごく遠い警察署”から「出頭して」との通知が来たのですが… 行かないとどうなる？,https://news.yahoo.co.jp/articles/cf8a4e0b163c056aecdc4c0a4d38b98524cd80bc,9/15(日) 9:42
2024-09-15,20:05,business,経済,8,くるまのニュース,日産の新型「小さな高級車」発表に反響多数!? 「サイズちょうどいい」「豪華！」 約320万円で「ジムニー超え“地上高”」の「新キックス」米に登場,https://news.yahoo.co.jp/articles/816b1cf346286e72943bdb7136b10d548a804603,9/15(日) 16:10
2024-09-15,20:05,business,経済,9,ファイナンシャルフィールド,久しぶりに実家に帰ると父親が「待てど暮らせど年金が払われない」と。聞いてみたら年金の請求をしていなかった！これまでの年金はどうなる？,https://news.yahoo.co.jp/articles/a8f35b31361d207f303e7d636bb68c0894cf1ab6,9/15(日) 6:10
2024-09-15,20:05,business,経済,10,くるまのニュース,無料で渡れる「関門トンネル」が凄い！ 「車で5分」歩くと15分…!?  約800mの「海底の旅」を踏破してみた,https://news.yahoo.co.jp/articles/3da084847605e564e70b34780c85fb5523c6b9d2,9/15(日) 19:10
2024-09-15,20:05,business,経済,11,バイクのニュース,ホンダが最も輝いていた時代に誕生！ ホンダ「シティ・ターボII」とは,https://news.yahoo.co.jp/articles/303678ddc055fc8c945e7c2d6eca10c15c5068ed,9/15(日) 17:10
2024-09-15,20:05,business,経済,12,くるまのニュース,道路にある「謎のカメラ」は“スピード違反取締り”だけじゃない！ 「罰金30万円級」の違反車両を見つける「重大な役割」に反響集まる！,https://news.yahoo.co.jp/articles/f28aa77ab7cfda8dbc86e7d27bb05062d1eaa34a,9/15(日) 7:10
2024-09-15,20:05,business,経済,13,ファイナンシャルフィールド,入院先が4人部屋なのに「差額ベッド代」が!? 個室じゃなくても“請求”されるケースとは？ 知っておきたい注意点を解説,https://news.yahoo.co.jp/articles/2e8edb42ffc7f85ae29368b96658487f4b667ec7,9/15(日) 11:20
2024-09-15,20:05,business,経済,14,乗りものニュース,「終列車で下車？おやめください!!」全力で制止される“秘境駅”なにがある？ 電波ナシ道ナシ家もない！,https://news.yahoo.co.jp/articles/c76d40e2e4de64cd74a9a31e3676a2790f058e80,9/15(日) 15:12
2024-09-15,20:05,business,経済,15,くるまのニュース,ホンダ新型「シティRS」実車登場！「シビック」より小さい車体に「VTECターボ」搭載！ 右ハンドルの「スポーツ仕様」泰で展示に“日本導入”期待の声！,https://news.yahoo.co.jp/articles/05fdfbe6bad253c1e3409cb82ac8c77ace614374,9/15(日) 17:10
2024-09-15,20:05,business,経済,16,ファイナンシャルフィールド,実家に「月5万円」入れていましたが、母が「使ってなかった」と結婚資金として渡してくれました。400万円近くありますが、税金は払わなくて大丈夫でしょうか？,https://news.yahoo.co.jp/articles/af5f49f555fa9a5e1281976a00f4d3b2b1f00586,9/14(土) 13:40
2024-09-15,20:05,business,経済,17,ファイナンシャルフィールド,月曜から出張なので、日曜から“新幹線”で移動することに！「移動時間」は労働時間になりますか？ 遠方なので、月曜出発だとかなり早く出ることになります…,https://news.yahoo.co.jp/articles/9dc9c79a4223c1902835855d18a08002993648d3,9/15(日) 13:40
2024-09-15,20:05,business,経済,18,乗りものニュース,日本車＝「国産がイチバン」はもう古い？ 気づけば「アジア産」だらけになった理由 デメリットある？,https://news.yahoo.co.jp/articles/13ef68ddcf95f639170299165336550ff6c4da0e,9/15(日) 16:12
2024-09-15,20:05,business,経済,19,バイクのニュース,理想のスタミナ系!?　上信越道「佐久平PA」の定食がド直球で思わず歓喜,https://news.yahoo.co.jp/articles/474d15952829885be53ef0a0b32630b1bfa9ba7e,9/15(日) 18:10
2024-09-15,20:05,business,経済,20,くるまのニュース,信号の矢印「←↑→」“全点灯”一体どんな意味？ 全部「青」とは何が違うの？ 迷う「謎の矢印フル表示」 注意するポイントとは,https://news.yahoo.co.jp/articles/2de97fac12d40f83d47835b5ebc5f82f7295d431,9/14(土) 19:10
2024-09-15,20:05,business,経済,21,くるまのニュース,約230万円！ ダイハツ新型「コンパクト“ミニバン”」公開に反響多数！ 新たな「スポーティ」仕様に「カッコイイ」の声！ MT設定もある「尼のADS」が話題に,https://news.yahoo.co.jp/articles/aaf4bfa8ad606b324546440284c3f7cc5e3b7956,9/15(日) 18:10
2024-09-15,20:05,business,経済,22,くるまのニュース,外環道「関越～東名」工事って今どうなってるの？ 4年前の「調布陥没」から音沙汰なし!? 本当に完成するんでしょうね？,https://news.yahoo.co.jp/articles/d88aa8f65e03ecc6204e8072545eac145b8620c7,9/15(日) 12:10
2024-09-15,20:05,business,経済,23,くるまのニュース,トヨタ新型「SUVミニバン」登場に反響多数!?「熱望」「全スライドドアは便利」ありそうで無かった“ちょうどいい”サイズ感の「クロスバン ギア」とは,https://news.yahoo.co.jp/articles/a7b157c0bf333cea9dd4612edb3545f508bd4f1d,9/15(日) 8:10
2024-09-15,20:05,business,経済,24,くるまのニュース,夏シーズンに「冬タイヤ購入」 一見「筋違い」も実は“メリット”しかないってホント？ 雪が降らないイマ「スタッドレス」を買っておくべき理由とは,https://news.yahoo.co.jp/articles/22a7d261dab7dac101f06268ce53ab96df31716c,9/15(日) 9:10
2024-09-15,20:05,business,経済,25,毎日新聞,早期リタイア希望の20～30代男性、7年間で「倍増」　その背景は？,https://news.yahoo.co.jp/articles/e6471868f694fb5a75ca8fcb831549cda4c62df3,9/15(日) 9:45
2024-09-15,20:05,business,経済,26,乗りものニュース,「ETCバーが開かない!」どうすればいい？ 「絶対NG行為」は同じ、けど車とバイクで対処が違う!?,https://news.yahoo.co.jp/articles/ac673b750c91851092defe1578b6e772d863064f,9/15(日) 16:42
2024-09-15,20:05,business,経済,27,ファイナンシャルフィールド,娘が結婚し、孫が楽しみな「65歳夫婦」です。もし孫が生まれたら、年にいくら使うことになるでしょうか？ある程度貯金すべきですか？,https://news.yahoo.co.jp/articles/16c8c25880acad518acbfd04e16623559583fe1e,9/12(木) 13:30
2024-09-15,20:05,business,経済,28,LIMO,もうすぐ年金受給開始年齢になります。「60歳、65歳、70歳、75歳」何歳からの年金受給が一番お得ですか？年金受給額を比較してみた,https://news.yahoo.co.jp/articles/1bd0fd874bbb336591854eb1eef952ba873402b4,9/13(金) 5:17
2024-09-15,20:05,business,経済,29,くるまのニュース,日産の爆速「最上級ミニバン」がスゴイ！ 「“300馬力”のV6」搭載＆超豪華内装！ 走り屋モデルの「エルグランド」とは？,https://news.yahoo.co.jp/articles/dcf096a32116d2bdb05fa70d72bd103699405eff,9/15(日) 6:10
2024-09-15,20:05,business,経済,30,乗りものニュース,潜水艦メシ「自衛隊一美味しいってホント？」火使えないのにステーキの提供も じつは戦艦・空母よりハイテクだった!?,https://news.yahoo.co.jp/articles/399fe6baf38a5d503197b7a2dc7314a009e5bd56,9/15(日) 11:12
2024-09-15,20:05,business,経済,31,ファイナンシャルフィールド,都内在住ですが、手取り18万円で生活がきついです。「都営住宅」に入居することはできますか？ 若くて独身だと難しいでしょうか…？,https://news.yahoo.co.jp/articles/d3cc427790921da56cd160d1aa86544986ae5815,9/15(日) 14:10
2024-09-15,20:05,business,経済,32,くるまのニュース,新車で149万円！ トヨタの格安「3列ミニバン」なぜ日本で売れず？ 全長4.1mに「7人乗り」実現した斬新モデル「セッテ」は隠れた名車か！,https://news.yahoo.co.jp/articles/2f92c26780fa5924a6fdd76a5729becce0826ebc,9/14(土) 20:10
2024-09-15,20:05,business,経済,33,みんかぶマガジン,なぜ人口増？ 美しいビーチ「サザンでは聴くけど」…茅ヶ崎に人が集まる理由 東京まで乗り換えなし1時間弱! 中古マンション4000万円台から,https://news.yahoo.co.jp/articles/19c60a4270201242f6da5ede5e4584cec31581bf,9/15(日) 9:10
2024-09-15,20:05,business,経済,34,ファイナンシャルフィールド,65歳で定年退職するつもりでしたが「再就職」を考えています。70歳まで働くと年金額はどれくらい変わりますか？,https://news.yahoo.co.jp/articles/adcd89622ba68d71b9b9c5908a63a922a53aa9b7,9/15(日) 15:30
2024-09-15,20:05,business,経済,35,乗りものニュース,「最新鋭」と「最古級」の護衛艦が本州最北で並んだ！ あまりにも異なる外観 海自が画像公開,https://news.yahoo.co.jp/articles/71f53841b26292e66f5c1dfe84fd19811333fa2c,9/14(土) 6:12
2024-09-15,20:05,business,経済,36,ファイナンシャルフィールド,自分の子どもに「年収」を教えるのって危険ですか？ 先日、娘が「Aちゃんのお父さんは年収1000万円だって！」と言っていたのですが、大人になるまで“お金のこと”は伝えないほうが良いでしょうか…？,https://news.yahoo.co.jp/articles/f418062bcd7cc6d09b7eb11bfd384043863ec1d0,9/14(土) 14:10
2024-09-15,20:05,business,経済,37,AUTOCAR JAPAN,欧州でも「主流」が変わった？　増え続けるオートマ（AT）車　初心者にもおすすめのモデル　10選,https://news.yahoo.co.jp/articles/3bbbe65acad864e37c6c5f43476904891b74431f,9/15(日) 18:05
2024-09-15,20:05,business,経済,38,くるまのニュース,「ガソリン安くなって最高！」 免許証の「知られざるヒミツ」知ってる？ 「無事故＆無違反」の“優良ドライバー”のみ受けられる「おトクすぎな神サービス」とは,https://news.yahoo.co.jp/articles/9dc3dd013f9f1a21496ca45d76d32d499ed1d0c0,9/14(土) 14:10
2024-09-15,20:05,business,経済,39,BUSINESS INSIDER JAPAN,日本政府はなぜ高齢者にばかり投資するのか、OECDが苦言。少子化が言い訳にならない理由,https://news.yahoo.co.jp/articles/97bab1554c0e85fb2360c91734d97810f174df24,9/11(水) 8:10
2024-09-15,20:05,business,経済,40,FNNプライムオンライン（フジテレビ系）,高齢者割合が過去最多…65歳以上人口が3625万人・就業者数は914万人に　就業率は65歳以上で25.2％・75歳以上で11.4％　総務省,https://news.yahoo.co.jp/articles/0f6d7f1bd50be36b7e5cf9c63d8d9e3f31428aae,9/15(日) 17:02
