scrp_date,scrp_time,genre_en,genre_jp,rank,media_jp,title,link,date_original
2025-12-22,03:10,entertainment,エンタメ,1,デイリースポーツ,「地上波に出ていいの？ｗ」Ｍ-１　ＴＶ出演が激減してた禁断芸人が現れ騒然「出てるｗ」「久しぶりｗ」「ＴＶで見れて良かった」,https://news.yahoo.co.jp/articles/0ea8c2bde14a08e46a7ea579d1e02316ec54710d,12/21(日) 19:07
2025-12-22,03:10,entertainment,エンタメ,2,西スポWEB OTTO！,ヒカルと電撃離婚発表…進撃のノア〝公表9日前の姿〟にファン注目「指輪は…」「なんか吹っ切れた感ね」,https://news.yahoo.co.jp/articles/6808a6db0441fd028d032b54754789e6c215aa89,12/21(日) 23:10
2025-12-22,03:10,entertainment,エンタメ,3,西スポWEB OTTO！,「ゾワッとした」〝首にもびっしり〟北村匠海〝イメージ激変〟顔面タトゥーに驚きの声続々と…最新映画写真に「胸が締め付けられた」,https://news.yahoo.co.jp/articles/a185301222c2f91cdc69dd6f423bc4068d2c1ec8,12/21(日) 23:40
2025-12-22,03:10,entertainment,エンタメ,4,オリコン,漫画家・鹿子さん死去　37歳　脈絡膜悪性黒色腫で闘病　ヤングマガジン『満州アヘンスクワッド』連載中,https://news.yahoo.co.jp/articles/e658e9de6109f295d9d58ff5fbff6cdf661bc8e6,12/22(月) 1:21
2025-12-22,03:10,entertainment,エンタメ,5,スポニチアネックス,江頭2:50「今だから言うけど…」長年悩んできた病を告白「絶対公表しないと思ってた」,https://news.yahoo.co.jp/articles/e33520a39e7d4ec09687625715b264bd6f2d271f,12/21(日) 16:09
2025-12-22,03:10,entertainment,エンタメ,6,デイリースポーツ,「吉高由里子かと思ったら」「美人すぎて怖い」Ｍ-１中ＣＭにネット騒然「普通に女優かと」「度肝抜かれた」「恋に落ちるしかない」,https://news.yahoo.co.jp/articles/f1c6c90be21e054c3f64b2daae47accbcb20195c,12/21(日) 23:55
2025-12-22,03:10,entertainment,エンタメ,7,日刊スポーツ,たけし「うるさいだけで面白くない」コンビが７年ぶり「Ｍ―１」決勝ならず、敗者復活戦最終敗退,https://news.yahoo.co.jp/articles/60119ac3c65b74b5080554cbab2d52e2a58bca30,12/21(日) 18:45
2025-12-22,03:10,entertainment,エンタメ,8,西スポWEB OTTO！,元朝ドラヒロインとの〝事実婚＆第1子誕生〟発表から1年…元人気ボーカルの息子、宮沢氷魚〝ソファーでくつろぐ〟映画場面写真に反響「パパに似てる」,https://news.yahoo.co.jp/articles/3178a557baaaa122a78540f92d845f555c1f3649,12/21(日) 23:20
2025-12-22,03:10,entertainment,エンタメ,9,西スポWEB OTTO！,「ん????」「別人に…」体調不良で無期限活動休止⇒長期の空白期間経て復帰…〝昭和歌姫の最新姿〟にファン騒然「ビックリ！！」,https://news.yahoo.co.jp/articles/011fd0451dab351fc705a85754879171d136d9e9,12/21(日) 23:00
2025-12-22,03:10,entertainment,エンタメ,10,スポーツ報知,【Ｍ―１】哲夫が最も厳しい採点も高評価したコンビはそろって最終決戦へ「哲夫さんが通すコンビ決めてるよな」,https://news.yahoo.co.jp/articles/16137414cd6d66c7741c613210dc92e992c40d56,12/21(日) 21:42
2025-12-22,03:10,entertainment,エンタメ,11,ENCOUNT,『M-1』敗者復活、生放送でまさかの名前→「言うな」　ネットもざわつく「言って良かったんだっけ！？」,https://news.yahoo.co.jp/articles/662df3b1c8d179f8afdcd195382675f2d67c04c1,12/21(日) 19:23
2025-12-22,03:10,entertainment,エンタメ,12,西スポWEB OTTO！,進学校で学年2位…9年前大炎上〝小学生ホスト〟の近影に仰天「教育成功やん」「立派になりすぎて」「あんな批判されてたのに…いい方向に」,https://news.yahoo.co.jp/articles/82755143b6060d646d08d58e5c810c25719fd29c,12/21(日) 22:40
2025-12-22,03:10,entertainment,エンタメ,13,デイリースポーツ,Ｍ-１　粗品爆弾→ボロクソ言われた哲夫が審査員席に「あなたの審査コメ需要ない」「後輩にスネてダサい」から２日　ネット「審査するんかｗ」「ドキドキｗ」「一番注目」,https://news.yahoo.co.jp/articles/e602ea54bbdcb7ba9f25519de0ebcb2bf5e6ef49,12/21(日) 18:09
2025-12-22,03:10,entertainment,エンタメ,14,Lmaga.jp,M-1初審査で「駒場さん」トレンド入り「司会をイジらなくても」…真摯な審査コメントに反響「信頼しかない」,https://news.yahoo.co.jp/articles/a612e80f83f2b917f3fc71422f81f92cb9af3383,12/21(日) 20:40
2025-12-22,03:10,entertainment,エンタメ,15,日刊スポーツ,【M－1】エバース「ルンバ車」１位抜けから一転、１票も取れず「やっちまった」「悲しい」Ｘ痛恨,https://news.yahoo.co.jp/articles/cf4ceaf826682b42fda52064249ba947dd0a9d3f,12/21(日) 22:23
2025-12-22,03:10,entertainment,エンタメ,16,東スポWEB,ＤＪ社長が顔出し解禁　レペゼン解散コンサートのチケット売れ行き悪く「埋まってないのが一番カッコ悪い」,https://news.yahoo.co.jp/articles/e78faf590712e6f441cc805f0831ffb9f7a0efe1,12/21(日) 20:25
2025-12-22,03:10,entertainment,エンタメ,17,スポニチアネックス,冨永愛が妊娠発表　お相手の俳優・山本一賢とは　過去にバスケ選手として活躍　主演作で企画、脚本も,https://news.yahoo.co.jp/articles/b2b96781176a2d78c771e589ae794a061b5ab9a0,12/21(日) 14:56
2025-12-22,03:10,entertainment,エンタメ,18,ENCOUNT,【M-1】初審査員、ミルクボーイ駒場のコメントが「良すぎる」　Xで賛辞続々「分かりやすい」「上司だったら頑張れる」,https://news.yahoo.co.jp/articles/af72ebab036ad5a3e652448d19d091eb7ad04160,12/21(日) 21:35
2025-12-22,03:10,entertainment,エンタメ,19,西スポWEB OTTO！,「えぇ!?」「これって本物!?」安倍昭恵さん〝一人で地下鉄〟ショットに反響「変装しないとバレるよ」「SP付けてほしい」心配の声も,https://news.yahoo.co.jp/articles/eef0dd3efd833a5bc459175d304b64cce0dfac8c,12/21(日) 22:20
2025-12-22,03:10,entertainment,エンタメ,20,スポニチアネックス,【M-1】初審査員のミルクボーイ駒場、たくろうへの的確解説が話題「全部言語化」「2本目につながった」,https://news.yahoo.co.jp/articles/4e95db3b0054bdfebbb5d5114bdbb4350faa8829,12/22(月) 0:10
2025-12-22,03:10,entertainment,エンタメ,21,日刊スポーツ,【M－1】たくろう優勝でＸ激論、今年はレベル高い？低い？「笑いっぱなし」「令和ロマンが…」,https://news.yahoo.co.jp/articles/c2ee5419d5935591f702ccdcfb1e36e522884b22,12/21(日) 22:50
2025-12-22,03:10,entertainment,エンタメ,22,日刊スポーツ,【M－1】たくろう赤木裕の母校が優勝祝福「KSUよりKSDのほうが一般的に…笑」,https://news.yahoo.co.jp/articles/bd3c301c647f4e0775ebf4f1993d1bdea69a57d2,12/21(日) 23:17
2025-12-22,03:10,entertainment,エンタメ,23,オリコン,【M-1】たくろう優勝　初ファイナリストで史上最多1万1521組の頂点に,https://news.yahoo.co.jp/articles/eee6343a0562c921f304127051b5ebbc0ea7fed3,12/21(日) 22:05
2025-12-22,03:10,entertainment,エンタメ,24,スポニチアネックス,【M-1】たくろう圧勝V　審査員フット後藤の「計算止めた」コメントにネット賛同「笑いの爆発力だった」,https://news.yahoo.co.jp/articles/663d0288a1b48513b6dcafe7716868a8ee884084,12/21(日) 22:32
2025-12-22,03:10,entertainment,エンタメ,25,西スポWEB OTTO！,人気絶頂のなか〝年上俳優と結婚＆活動休止〟から16年…2度の出産経た歌姫〝38歳誕生日〟ショットに「わぁ!!絢香さんだ」「お祝いできて嬉しい」の声,https://news.yahoo.co.jp/articles/bc8f91dabc3179c7ff13a6e169f557aa078b204a,12/21(日) 23:50
2025-12-22,03:10,entertainment,エンタメ,26,スポニチアネックス,有吉弘行「マジでこれヤバいでしょ！」と大興奮のニュースとは？「子供がいる人にとっては…」,https://news.yahoo.co.jp/articles/5cb28989e0b7914786f2d4e739625b454845d41d,12/21(日) 22:42
2025-12-22,03:10,entertainment,エンタメ,27,デイリースポーツ,【悲報】「哲夫がスベってるｗ」「大丈夫かｗ」　Ｍ-１、粗品爆弾にロックオンされ→緊迫の哲夫が審査員席で連続スベる　「緊張しないで」「何かを意識してるｗ」　審査コメ需要ないと言われる,https://news.yahoo.co.jp/articles/ef8c5a445c2a5f8c7535e195907e43ebd0fc945d,12/21(日) 21:00
2025-12-22,03:10,entertainment,エンタメ,28,ABEMA TIMES,misono「ウチが浮気OKな人やから成り立ってる」 家賃・デート代も全部出して「別居婚」…それでも離婚したくない「夫・Nosukeの魅力」とは,https://news.yahoo.co.jp/articles/89e0c2bee639d1314bcc7dd9d7903f9407fbfa6c,12/21(日) 15:00
2025-12-22,03:10,entertainment,エンタメ,29,オリコン,【M-1】ヤーレンズ楢原、ネタ後の「手応えあり！」に反響　ネタ元を指摘する声続々「誰も拾ってくれない（笑）」,https://news.yahoo.co.jp/articles/bed2cc2c07e00dc185952e64ac513e6ff8b92b45,12/21(日) 19:30
2025-12-22,03:10,entertainment,エンタメ,30,スポーツ報知,【Ｍ―１】初審査員・フット後藤の例えに称賛の声！「はい！後藤名言」「的確コメント」「笑いの取り方」,https://news.yahoo.co.jp/articles/37573f9979bc9cf703d9e5f1ea4ef4958b13c9ca,12/21(日) 20:06
2025-12-22,03:10,entertainment,エンタメ,31,スポニチアネックス,DJ社長が必死の訴え　大みそかの解散ライブチケットが「売れてない」原因にも言及「いろいろ全部、俺」,https://news.yahoo.co.jp/articles/6a95c8b17fa1c5166f184e8ee1fec5b03dac2244,12/21(日) 20:39
2025-12-22,03:10,entertainment,エンタメ,32,よろず～ニュース,大河出演の人気モデル43歳が妊娠を発表　お相手は39歳イケオジ俳優「温かく⾒守っていただけましたら」,https://news.yahoo.co.jp/articles/858c855cd2b3e7eb296d7df6ec7d5d057a567886,12/21(日) 19:10
2025-12-22,03:10,entertainment,エンタメ,33,スポニチアネックス,元HKT外薗葉月　巨人リチャードと婚姻届提出　“豪華”証人2人も明かす,https://news.yahoo.co.jp/articles/ae5c249d464d5b82776f7fcf6d4e6ba2bb0c74b6,12/21(日) 23:26
2025-12-22,03:10,entertainment,エンタメ,34,デイリースポーツ,「可愛すぎて漫才入ってこない」Ｍ-１敗者復活　陣内の隣に司会美女　ポスト上戸彩と話題「美しい」「ビジュ良すぎる」「パンツスーツ格好いい」「いい声」,https://news.yahoo.co.jp/articles/13978a6c85a7ac938fc66476b28f8250c60a20e8,12/21(日) 18:32
2025-12-22,03:10,entertainment,エンタメ,35,スポニチアネックス,三木谷浩史氏　高市政権の経済政策を批判「全く経済が分かってないと思う」「単なる財政バラマキ政権」,https://news.yahoo.co.jp/articles/71bd8129b91a7e21eaa8c325ee182dd9f0f83eb6,12/21(日) 19:26
2025-12-22,03:10,entertainment,エンタメ,36,西スポWEB OTTO！,「えーーー！！」「パイセンだぁー」堂本光一と堂本剛が〝弟顔〟で3ショット…「やっぱりSMAPは特別」木村拓哉公開の〝レアな〟一枚が反響,https://news.yahoo.co.jp/articles/5341cf8a0f7e39fcfa4bb8c504010a586e19f5a1,12/22(月) 0:00
2025-12-22,03:10,entertainment,エンタメ,37,スポニチアネックス,有吉弘行、元人気アイドルの「ワキガ好き」公言にチクリ「どうせ結婚するときは…」,https://news.yahoo.co.jp/articles/ea02da410e63666c44405ef67265e2fd686051d8,12/21(日) 21:50
2025-12-22,03:10,entertainment,エンタメ,38,東スポWEB,≠ＭＥ　暴力行為でイベント中止させた加害者と示談成立「賠償金の支払い」「迷惑行為グループの解散」,https://news.yahoo.co.jp/articles/9c37fd3802b7c987d129e5885bc9ad1b50f0487a,12/21(日) 21:05
2025-12-22,03:10,entertainment,エンタメ,39,デイリースポーツ,「破壊力やばあああ！」「おいおい今年の上戸彩が」Ｍ-１　司会・上戸彩の衝撃登場にネット祭り「ドレスどこのブランド？」「眩しい」「４０とは思えない」,https://news.yahoo.co.jp/articles/2d83217b64607023c5eb906ee066a87900073b72,12/21(日) 18:46
2025-12-22,03:10,entertainment,エンタメ,40,西スポWEB OTTO！,「見ていいやつ？(笑)」素肌に〝激短＆網目デカ〟セーター「ヤバすぎるよ、高崎かなみ!」大胆ショットが話題「透け透けやん」,https://news.yahoo.co.jp/articles/0dff5705fcd790d159c15487e5754cce06fdb5f5,12/21(日) 23:50
