scrp_date,scrp_time,genre_en,genre_jp,rank,media_jp,title,link,date_original
2026-08-23,12:01,business,経済,1,ファイナンシャルフィールド,温泉旅館に宿泊したところ、母から「仲居さんには心づけを渡すもの」と言われました。宿泊代にサービス料も含まれているのに、今でも渡すのが常識なのでしょうか？ 金額の目安も知りたいです,https://news.yahoo.co.jp/articles/298849aaf9bcdacfdea95442e4971fcbbdeaa7ff,8/23(日) 9:20
2026-08-23,12:01,business,経済,2,読売新聞オンライン,中国の人型ロボット、１００ｍ走でウサイン・ボルト超え９秒３２…ゴール後はマットに激突し炎上,https://news.yahoo.co.jp/articles/26ff5e56c50f8b87d7641d9270f01a4cddd400ae,8/23(日) 0:11
2026-08-23,12:01,business,経済,3,テレビ朝日系（ANN）,「新米2000円台」去年のコメより新米が安い“逆転現象”,https://news.yahoo.co.jp/articles/291682e227c549b03386891e2a6388037b357a9a,8/23(日) 0:45
2026-08-23,12:01,business,経済,4,読売新聞オンライン,子ども名義の定期預金、金利年２１・３％分上乗せ…ＳＢＩ新生銀「こどもＮＩＳＡ」の顧客獲得狙い,https://news.yahoo.co.jp/articles/6f3d97a2e35363856e0a22ed1fd329300eb56553,8/22(土) 17:12
2026-08-23,12:01,business,経済,5,ファイナンシャルフィールド,祖母からもらった現金「100万円」を自分の口座に入れたら、銀行から使い道を確認されました。家族から受け取ったお金でも、説明しないと入金できないのでしょうか？,https://news.yahoo.co.jp/articles/19a74af10325ff0f28466742598c60fd492735ca,8/21(金) 8:20
2026-08-23,12:01,business,経済,6,Merkmal,なぜ「つくばエクスプレス沿線」では人が増えているのか？ 人口310万人減の日本で、つくば・流山・印西に見る“人が集まる街”の条件,https://news.yahoo.co.jp/articles/faed91e3c1bc13bb3f03c8b4f14dd77bb2829e38,8/23(日) 8:51
2026-08-23,12:01,business,経済,7,ファイナンシャルフィールド,東京から「宇都宮」の実家に“家族4人”で帰省…妻は「新幹線なら1時間で着く」と言いますが“片道1万円以上”かかります。約2時間なら電車で十分ですよね？ 数字に表れない「子連れ移動の現実」とは,https://news.yahoo.co.jp/articles/f91f40fc2714deccb1670333d5df50cd3d49c3d7,8/22(土) 14:20
2026-08-23,12:01,business,経済,8,LIMO,2026年度から国民健康保険料は「4区分」へ。新設された“子ども・子育て支援金分”と、上限額113万円のリアル,https://news.yahoo.co.jp/articles/fc325faa30bf81197407241693ddafa8cb771014,8/22(土) 19:50
2026-08-23,12:01,business,経済,9,ファイナンシャルフィールド,父から相続した「60坪」の土地について、近所の人から「1500万円なら買いたい」と言われました。不動産会社を通さず売っても問題ないのでしょうか？,https://news.yahoo.co.jp/articles/4fd3676553436764070f7bf7f2bf43d1265e9d5e,8/22(土) 9:10
2026-08-23,12:01,business,経済,10,鉄道コム,激減していた夜行列車、復権？ 「走らない列車」や「『夜行ではない』夜発朝着」も登場,https://news.yahoo.co.jp/articles/1bd9f3b5b074f85abe6c3092718f4a2c1e0cc327,8/23(日) 10:35
2026-08-23,12:01,business,経済,11,日テレNEWS NNN,【年金生活】“働かないと無理”炎天下で働くシニア　「一人1万円」お盆ならではの“キツい”出費も…暑さしのぐ工夫で電気代節約『every.気になる！』,https://news.yahoo.co.jp/articles/94ea051071a13d1f9dd76788d49a8490b0686111,8/23(日) 11:27
2026-08-23,12:01,business,経済,12,LIMO,「個人向け国債」と「新窓販国債」はどっちを選ぶべき？8月の金利＆変動金利はどれくらい動くか確認,https://news.yahoo.co.jp/articles/09aab9e090c4deab359709aa00705c8ae965476d,8/23(日) 11:25
2026-08-23,12:01,business,経済,13,FNNプライムオンライン,移住者急増の「尼崎」　4年連続転入超過の理由は　10万円でカフェを開業した店主「尼崎のいいところはちゃんとしてないところ」,https://news.yahoo.co.jp/articles/0823838e1634889fef3a2f3aae56f296159c2b37,8/22(土) 11:01
2026-08-23,12:01,business,経済,14,Bloomberg,カナダ、200億ドル規模の対米報復関税を発表-鉄鋼や電子機器など,https://news.yahoo.co.jp/articles/df3a8e26dff3c41ca2df07022178ded4382e54e5,8/23(日) 0:52
2026-08-23,12:01,business,経済,15,ファイナンシャルフィールド,夫が「一生ものだから」と30万円の革靴を欲しがっています。3万円くらいでも本革の商品はありますし、10倍の価格を払う価値はあるのでしょうか？,https://news.yahoo.co.jp/articles/ddacf5ed849f787a895b109bcedd60a38af8e7c7,8/23(日) 8:40
2026-08-23,12:01,business,経済,16,TBS CROSS DIG with Bloomberg,若年層で「うつ病」による日常生活への影響が顕在化　高齢層とは対照的な健康動向,https://news.yahoo.co.jp/articles/962845bcb6ac974e7dc5e4db949e6b7cc65e047f,8/22(土) 7:00
2026-08-23,12:01,business,経済,17,TBS CROSS DIG with Bloomberg,「預金」から「国債」へ。利回り上昇で起きる、かつてない資産の大移動,https://news.yahoo.co.jp/articles/d5592d7b658b6874b66ef36ce6edd4f3c625c65c,8/22(土) 9:00
2026-08-23,12:01,business,経済,18,ファイナンシャルフィールド,カフェでコーヒー1杯を注文して2時間ほどパソコン作業をしていたら、店員から「追加注文をお願いします」と声をかけられました。空席が多い場合でも、追加注文が必要なのでしょうか？,https://news.yahoo.co.jp/articles/c1236259f6ff6c1aff566acda711dca9702c9457,8/22(土) 8:20
2026-08-23,12:01,business,経済,19,ファイナンシャルフィールド,狭い道路で自転車を追い越したら、友人から「後ろを走らないと違反になるよ」と言われました。追突されると思っての追い越したのですが、それでも違反になるのでしょうか？,https://news.yahoo.co.jp/articles/4c382025324a01d848e3e0e05a6df61b13dc7213,8/23(日) 8:50
2026-08-23,12:01,business,経済,20,ファイナンシャルフィールド,「どうせ無料だから」とスーパーのビニール袋を数枚使って商品を持ち帰るママ友。レジ袋を節約したい気持ちはわかるのですが、店のルール的に問題ないのでしょうか？,https://news.yahoo.co.jp/articles/767b47ae634bb17b7973cfe6e0d2246ae1d747bc,8/23(日) 8:50
2026-08-23,12:01,business,経済,21,LIMO,"JX金属（5016）は小反落で再び3,500円台、4,000円大台回復が焦点に（2026年8月21日）",https://news.yahoo.co.jp/articles/ec9c536a6d061a8948847ae427a355f27505746e,8/23(日) 7:01
2026-08-23,12:01,business,経済,22,LIMO,後期高齢者医療制度、窓口負担「2割」になる基準は？年金収入200万円・320万円のボーダーラインを解説,https://news.yahoo.co.jp/articles/49e49a71c9e8c58383be2bdd71a2c2d5d3027e5d,8/22(土) 21:55
2026-08-23,12:01,business,経済,23,朝日新聞,粟島汽船、経営改善へダイヤ変更やマイカー輸送模索、住民から反発も,https://news.yahoo.co.jp/articles/6a54b5e2805ceb469e5da4945f41f37d3bca876d,8/23(日) 11:15
2026-08-23,12:01,business,経済,24,ファイナンシャルフィールド,旅行先のレンタサイクルを「1日料金」のつもりで借り、翌朝返却したら2日分を請求されました。24時間以内に返していても、日付をまたぐと料金が増えるのでしょうか？,https://news.yahoo.co.jp/articles/75dbf2fba41e2940bfb6a6321a682e746428076a,8/23(日) 8:10
2026-08-23,12:01,business,経済,25,ファイナンシャルフィールド,SNS「若者の生活苦は高齢者の社会保障のせい」投稿に「清掃員も警備のバイトも高齢者ばかり」の反論が―“年金・福祉の給付”が高齢層に偏っても、なぜ「働く高齢者」は増え続けるのか…データを確認,https://news.yahoo.co.jp/articles/5acb56b1b4807c51c947432f73c352ae84d61e67,8/21(金) 14:20
2026-08-23,12:01,business,経済,26,乗りものニュース,ロシア軍“ウクライナを脅かす”主力艦が損傷か？ 衛星写真で明らかに“安全地帯”で停泊のはずがまさかの被弾,https://news.yahoo.co.jp/articles/c451c5ec6cb8e40fa76699e9645b468d3d570862,8/22(土) 11:42
2026-08-23,12:01,business,経済,27,J-CASTニュース,豪雨で水没「残クレアルファード」どうなる？　車はないのにローンは残る「残クレブーム」の落とし穴,https://news.yahoo.co.jp/articles/e68c29566e6cedbc343e704176ed72eeceaaa82a,8/21(金) 19:15
2026-08-23,12:01,business,経済,28,ファイナンシャルフィールド,友人が「公営住宅に住んでいるのに投資用マンションを持っている」と話していました。自宅とは別の不動産を所有しているのに、入居条件に影響しないのでしょうか？,https://news.yahoo.co.jp/articles/77549d692384cc71dbd1426ff4ebe9d7f244296a,8/23(日) 9:10
2026-08-23,12:01,business,経済,29,ファイナンシャルフィールド,マンションの総会で「修繕積立金の値上げ」が決まったそうです。私は欠席していたのですが、反対でも支払わなければならないのでしょうか？,https://news.yahoo.co.jp/articles/e8ef708c8bb40ab5b34e8886fc1edf43dd83fd2a,8/23(日) 7:20
2026-08-23,12:01,business,経済,30,乗りものニュース,輸送機からミサイルを大量発射!? 無改造で“爆撃機に化ける”配備目前の米軍システム「1000機が即座に爆撃機へ」,https://news.yahoo.co.jp/articles/78118c0184cd28556fc3540516a00831b72716bc,8/23(日) 10:42
2026-08-23,12:01,business,経済,31,ファイナンシャルフィールド,「NISAで人生変わる」と聞き「月3万円×1年間」投資したのに、含み益は“数千円”だけ…結局「月数十万円」投資できる人じゃないと意味はない？「月3万円・10万円」の場合で比較,https://news.yahoo.co.jp/articles/9fc5500d861d29d4b56bb95ff510e635567b540f,8/22(土) 19:50
2026-08-23,12:01,business,経済,32,ファイナンシャルフィールド,50歳で会社を自己都合退職した夫。「失業手当をもらいながら半年くらいゆっくりしたい」と言いますが、私は生活費が心配…。自己都合でも、退職後すぐに手当を受け取れるのでしょうか？,https://news.yahoo.co.jp/articles/418dd8ca82dc26be575d2ffb6ca20dcc9de15cda,8/23(日) 11:30
2026-08-23,12:01,business,経済,33,LIMO,部長の所定内給与は月63万5800円、課長は52万9200円。管理職の約6割は「今後も続けたい」と回答,https://news.yahoo.co.jp/articles/e0c8ade2599cd648e6a9e3894b464dcf706e1d3c,8/22(土) 16:50
2026-08-23,12:01,business,経済,34,LIMO,【オルカン vs S&P500】100万円を「30年放置」最終資産はいくら変わる？プロが教える長期運用《3つの極意》,https://news.yahoo.co.jp/articles/202722fc592266f7a58d71c38c512d88156a37f3,8/22(土) 13:05
2026-08-23,12:01,business,経済,35,LIMO,"古河電工（5801）が▲1.19％安の3,818円に反落、「純利益4.4倍」の決算内容とは（2026年8月21日）",https://news.yahoo.co.jp/articles/ebf091fd4714f3c5980d2133bc11d263a3e264ed,8/23(日) 5:01
2026-08-23,12:01,business,経済,36,LIMO,"【初の株主優待】三井住友フィナンシャルグループ（8316）Vポイント最大30,000円相当の優待を新設",https://news.yahoo.co.jp/articles/f24309fa6f09bac15adddf674f29f298abd2e3e8,8/22(土) 5:01
2026-08-23,12:01,business,経済,37,ファイナンシャルフィールド,毎年作業着に「3万円」ほど使っています。会社員でも仕事用の服を経費にできるのでしょうか？,https://news.yahoo.co.jp/articles/95dc9f8d8f8d9f769d8d73c1433303787db875e4,8/23(日) 8:40
2026-08-23,12:01,business,経済,38,LIMO,令和8年度、国民年金は月7万608円に増額　厚生年金モデル世帯23万7279円でも手取りが目減りする「4つの天引き」,https://news.yahoo.co.jp/articles/209f1d58abf0acc6cf0ad275f7d2376590cbbb89,8/21(金) 4:55
2026-08-23,12:01,business,経済,39,Aviation Wire,RAC Q400CC、認定中古機で全機更新へ　特集・世界唯一「カーゴコンビ」後継機選び,https://news.yahoo.co.jp/articles/08a0aa80b7a9e45c92df0a1966cd60a8d939b731,8/23(日) 10:52
2026-08-23,12:01,business,経済,40,ファイナンシャルフィールド,高齢の母が通院のたびにタクシーを利用し、交通費は月「2万円」に。兄は「病院へ行くための交通費なら医療費控除に入る」と言いますが、年間「24万円」すべて対象になるのでしょうか？,https://news.yahoo.co.jp/articles/c92890f1ff74bf0ff729f4556f99f63129456b38,8/22(土) 15:20
