scrp_date,scrp_time,genre_en,genre_jp,rank,media_jp,title,link,date_original
2025-04-17,01:08,entertainment,エンタメ,1,西スポWEB OTTO！,父親は激渋俳優、母も女優...「今日で25歳になりました」誕生日迎えた女優が最新ショット公開！「はっっっ!!舌ぺろショットがあるっっ!!」,https://news.yahoo.co.jp/articles/59e9ec3f168b7376940f66c6c7efb73e47af794b,4/16(水) 22:20
2025-04-17,01:08,entertainment,エンタメ,2,スポーツ報知,「久しぶりに見た」深田恭子の最新姿「なにかの間違いやろ」「本当に」「うぉー」「少し心配…」,https://news.yahoo.co.jp/articles/df815b92981d3e458ac419d9e6861115317fce1a,4/16(水) 11:55
2025-04-17,01:08,entertainment,エンタメ,3,スポーツ報知,一世を風靡した国民的アイドル　激変した現在の姿に衝撃「え！！」「まさかの」「びっくり」「泣けてくる」,https://news.yahoo.co.jp/articles/aa6544f2e3cd0e4636f8067a4dc190b9902761bd,4/16(水) 12:05
2025-04-17,01:08,entertainment,エンタメ,4,スポーツ報知,２年前に新潟移住…最新姿にネット二度見「誰？？」「ビックリ」「信じられない」女優からの転身も話題,https://news.yahoo.co.jp/articles/b11680ce9b0fa57e3150706475854349e4fda7f1,4/16(水) 18:35
2025-04-17,01:08,entertainment,エンタメ,5,日刊スポーツ,広末涼子、釈放時は神妙→車内で笑顔？に「女優なら建前でも…」「安心感で笑いもするよ」Ｘ激論,https://news.yahoo.co.jp/articles/1641e9ab9f67ec61214e4bea66b6c15694b0a791,4/16(水) 10:26
2025-04-17,01:08,entertainment,エンタメ,6,スポニチアネックス,いとうあさこ　共演者が楽屋で“窃盗”「凄い良い子だったんで…」衝撃エピソードにスタジオ騒然,https://news.yahoo.co.jp/articles/e3834196f50e69b44868f027dfd8618404d211d1,4/16(水) 21:35
2025-04-17,01:08,entertainment,エンタメ,7,よろず～ニュース,春高バレー出場の21歳タレント、美しい腹筋＆圧巻スタイルを披露　グラビア界に新風！蒔埜ひなが魅せた,https://news.yahoo.co.jp/articles/9f1abcacca470fb19cf9d2515f0de675d7d2cbf1,4/16(水) 21:00
2025-04-17,01:08,entertainment,エンタメ,8,スポーツ報知,計３９キロダイエット成功のコンビ　激変した全身ショット「めっちゃ痩せてね？」別人級に変ぼう,https://news.yahoo.co.jp/articles/015de1b01f064e691056d55416bcbe7291dda1a7,4/16(水) 19:40
2025-04-17,01:08,entertainment,エンタメ,9,日刊スポーツ,釈放広末涼子の「目の周り」めぐりＸで議論勃発「泣いた後目が腫れてる」説と「メイク説」噴出,https://news.yahoo.co.jp/articles/af5d4f54c911600071efd55aeb4f77fb20d2c23d,4/16(水) 12:08
2025-04-17,01:08,entertainment,エンタメ,10,BuzzFeed Japan,【べらぼう】「うそだろ！？」まさかの“新キャスト”にネット騒然「シンデレラボーイがついに…」「すごすぎませんか」,https://news.yahoo.co.jp/articles/f1ce182be76ed9976b13e7467e4d3d95cc17c195,4/16(水) 21:35
2025-04-17,01:08,entertainment,エンタメ,11,デイリースポーツ,いとうまい子、性接待求められた体験談「今晩相手してよね」断ったら「次の日仕事降ろされた」,https://news.yahoo.co.jp/articles/0bfd85d8052e23b676b97d854dcb6f7683a783c2,4/16(水) 13:27
2025-04-17,01:08,entertainment,エンタメ,12,日刊スポーツ,高知東生「これ以上なんで女性ばかりが頑張らなきゃならないんだ？」石破首相発言に苦言し反響,https://news.yahoo.co.jp/articles/1b0fa73ad8d76fd88ea4df96bffd30e647661dc9,4/16(水) 20:24
2025-04-17,01:08,entertainment,エンタメ,13,スポーツ報知,Ｅテレの「まことお兄さん」現在の姿に衝撃「おぇー！」「国宝級イケメン」「ムキムキ」卒業から２年,https://news.yahoo.co.jp/articles/251fee12264f42afc73371c6ed4749cb9f3d7bf6,4/16(水) 18:15
2025-04-17,01:08,entertainment,エンタメ,14,デイリースポーツ,花田虎上　長女高校進学で埼玉にも家構え二拠点生活に、一貫校やめ「外部」に　次女は小６で転入,https://news.yahoo.co.jp/articles/d9622ff9a9b37fca84898a7c4cf6dac5d113cfdf,4/16(水) 20:55
2025-04-17,01:08,entertainment,エンタメ,15,ENCOUNT,「リテラシー高い芸能人初めて見た」3児の母の女芸人の投稿にネット拍手「全親が見習うべき」,https://news.yahoo.co.jp/articles/5e29b989e3a4676ebe7e3bc37efa98596c78688d,4/16(水) 18:17
2025-04-17,01:08,entertainment,エンタメ,16,日テレNEWS NNN,石橋貴明　初期の食道がんに加え、咽頭がんの併発を公表「今しばらく時間がかかる見込み」,https://news.yahoo.co.jp/articles/f37daba1e2900b96f67a13614bebbc79364d59ad,4/16(水) 19:06
2025-04-17,01:08,entertainment,エンタメ,17,スポーツ報知,衝撃の「呪い」から４６年…人気シンガー・ソングライターの近影に「お元気でなにより」「楽しみすぎる」の声,https://news.yahoo.co.jp/articles/0a100adadaf4634a1ed5316677f4fe517dadfece,4/16(水) 23:02
2025-04-17,01:08,entertainment,エンタメ,18,デイリースポーツ,元日向坂・加藤史帆　楽屋弁当のバター盗難続出→犯人実名告発にスタジオ爆笑「家の冷蔵庫にいっぱいあった」,https://news.yahoo.co.jp/articles/0fa58d9e6db1863c9b9eb8a553d47090313be03f,4/16(水) 21:46
2025-04-17,01:08,entertainment,エンタメ,19,スポーツ報知,荒川静香さん、自然分娩を選んだ理由に共演者衝撃！「すごい…」「不思議な人」病院内ではうわさ話も,https://news.yahoo.co.jp/articles/004b695a1d576e0f9680c8630001ced364e1f23a,4/16(水) 20:30
2025-04-17,01:08,entertainment,エンタメ,20,ENCOUNT,49歳俳優、11年ぶりの連ドラ復帰にネットざわつく「11年前よりかっこいい」「正直、もう俳優やめてるのかと」,https://news.yahoo.co.jp/articles/d88f7477d8fc2b59c180a389dbc24a6fc488cafd,4/16(水) 8:51
2025-04-17,01:08,entertainment,エンタメ,21,ABEMA TIMES,いとうまい子、60歳で大学教授に “ヤラセ”や“性接待”など芸能界での苦い記憶を明かす,https://news.yahoo.co.jp/articles/f5deea8eca1facfe6d952ed096c6492e229d0fcb,4/15(火) 19:02
2025-04-17,01:08,entertainment,エンタメ,22,日刊スポーツ,60歳女優“性接待””やらせ”激白「今晩相手してよね」拒絶後「降ろされた」教授初講義で,https://news.yahoo.co.jp/articles/bb832f5335acdd4950cdadc936e64d84b9e0f502,4/16(水) 20:04
2025-04-17,01:08,entertainment,エンタメ,23,スポーツ報知,２児の母・荒川静香さん、子供たちの衝撃的な習い事の数にスタジオ驚がく！「誰かいない旅行が…」,https://news.yahoo.co.jp/articles/f59a16ffebf3ffb0d02a72cfaff9450f07f4869a,4/16(水) 21:05
2025-04-17,01:08,entertainment,エンタメ,24,西スポWEB OTTO！,「指導員失格だな…」教習所での〝ありえない〟セクハラ行為にネット波紋…美人タレントの投稿に「ひどすぎる」「震えてます」反響続々,https://news.yahoo.co.jp/articles/1b8c4562ac63177e342cc6fee1bed73d7061caf3,4/17(木) 0:30
2025-04-17,01:08,entertainment,エンタメ,25,スポニチアネックス,ラランド・ニシダ　父親が大企業の社長に就任したことを告白「今日付でなりました」　社員は約1万人,https://news.yahoo.co.jp/articles/26c9ebeac11cc3f00d342098e362c400b7d7363e,4/16(水) 6:20
2025-04-17,01:08,entertainment,エンタメ,26,ENCOUNT,魔裟斗「家の隣りの駐車場を購入しました」　“即整備”の早業に反響「儲かってまんな～」,https://news.yahoo.co.jp/articles/1e8935b82c6eb0a35ac799010cd90d0b0f28bda8,4/16(水) 20:02
2025-04-17,01:08,entertainment,エンタメ,27,西スポWEB OTTO！,「知らなかった!」夫は12歳下…元宝塚トップ69歳女優〝夫婦ショット〟公開に「お洒落なお二人」ハワイ満喫姿が話題,https://news.yahoo.co.jp/articles/d7407f09bca3f1daa1cd71c830374136dcd4493c,4/16(水) 23:10
2025-04-17,01:08,entertainment,エンタメ,28,西スポWEB OTTO！,戦隊シリーズ〝妖艶な敵役〟でブレイク、22歳女優〝肩だし〟オフショットに反響「令和のクレオパトラ」「可愛さレベルアップしてる」「ミステリアスな感じも」,https://news.yahoo.co.jp/articles/71f45515370d539068bcf55c7044dc25827f634d,4/17(木) 0:20
2025-04-17,01:08,entertainment,エンタメ,29,スポニチアネックス,ガーシー氏　広末涼子が釈放時に見せた“笑顔”に持論「いやいや…」賛同続々「確かに」「説得力ある」,https://news.yahoo.co.jp/articles/d935e478c8ca1df2fe64acdb18aa3d9f4c2a9786,4/16(水) 16:35
2025-04-17,01:08,entertainment,エンタメ,30,Kstyle,秋山成勲、大阪の実家が取り壊しに…悲しみを吐露「初心に戻る場所がなくなった」,https://news.yahoo.co.jp/articles/3c21a933b758a05fde2206052a69547f4ec0cfa0,4/16(水) 18:48
2025-04-17,01:08,entertainment,エンタメ,31,スポーツ報知,ダンスボーカルグループの元メンバー、最新ショットが８年前に芸能界を引退した姉にそっくり！「違う人かと」「大人になるにつれ…」,https://news.yahoo.co.jp/articles/e6ed3b20b2d89d9635d07b82acd2fd4b33c25c13,4/16(水) 19:55
2025-04-17,01:08,entertainment,エンタメ,32,デイリースポーツ,昨年３月テレ東退社→ベンチャー企業入社→離婚と退社公表の女子アナ　印象激変姿「路線変更？」「美しい♥」,https://news.yahoo.co.jp/articles/fbadb47d49a8d8c7763a72f8feb1f9e5532b176a,4/16(水) 16:51
2025-04-17,01:08,entertainment,エンタメ,33,スポニチアネックス,インスタに登場した元スーパーアイドルの近影にファン歓喜「今も大好き」「元気が出る」「嬉しい」,https://news.yahoo.co.jp/articles/cb39c58745796ea72bb75b5057babdcc9e7a41be,4/16(水) 10:53
2025-04-17,01:08,entertainment,エンタメ,34,スポニチアネックス,「嫁に欲しい」45歳人気女優のボーイッシュな近影に「ただただかわいい」の声　夫は空手有段俳優,https://news.yahoo.co.jp/articles/ae1c99971a381e4bbc17988f5162e3f1e6748f7c,4/16(水) 14:24
2025-04-17,01:08,entertainment,エンタメ,35,ENCOUNT,「べ…別人やんけw」アイドルの“すっぴん”にファンツッコミ「こんな変われるのw」,https://news.yahoo.co.jp/articles/6ffa5f0361c8ea6070d9a74fe66ad865de0540c9,4/15(火) 11:38
2025-04-17,01:08,entertainment,エンタメ,36,日テレNEWS NNN,少年忍者・小田将聖 18歳、STARTO社退所へ「長い間本当にありがとうございました」,https://news.yahoo.co.jp/articles/545436974122d7242898bee61f9eb6be0ef98c31,4/16(水) 21:23
2025-04-17,01:08,entertainment,エンタメ,37,西スポWEB OTTO！,「別人のよう…」元フィギュア女王〝印象ガラリ〟な大人びた最新ショットにネット衝撃「大人の色気」「大人っぽくてお綺麗です」,https://news.yahoo.co.jp/articles/5bc40d5e8b679921613ab62279351ea30eea2425,4/16(水) 23:20
2025-04-17,01:08,entertainment,エンタメ,38,デイリースポーツ,にしおかすみこ、釈放の広末涼子へ「余計なお世話かもしれないけど」持論述べる,https://news.yahoo.co.jp/articles/44b4622b4958d4f22275c68d7633021d979aef7d,4/16(水) 9:53
2025-04-17,01:08,entertainment,エンタメ,39,日刊スポーツ,広末涼子、車中の「笑み」にネットざわつく　釈放直後は神妙も　乗車後に変化,https://news.yahoo.co.jp/articles/d527061be7a4239bfd9a5ddeb69a9850ecce7bbc,4/16(水) 13:07
2025-04-17,01:08,entertainment,エンタメ,40,日刊スポーツ,広末涼子乗せた黒塗り車の運転手と助手席にネット注目「ラッツ＆スターか」「双子？似てる」の声,https://news.yahoo.co.jp/articles/617b99fc269b786437f3a6bd8e5774350b56d963,4/16(水) 8:52
