scrp_date,scrp_time,genre_en,genre_jp,rank,media_jp,title,link,date_original
2025-05-22,03:09,business,経済,1,テレビ朝日系（ANN）,小泉新農水大臣「明確に価格をさげていきたい」　備蓄米の入札を一旦中止,https://news.yahoo.co.jp/articles/44f535dd210003ba1472d998792ddb1fe07ec63f,5/21(水) 20:25
2025-05-22,03:09,business,経済,2,くるまのニュース,新車99万円で「4人」乗れる！ イチバン安い「トヨタの乗用車」が凄い！ 「エアコン」「キーレス」もついてコレで十分！ 超お手頃“高コスパ車”「ピクシス エポック」どんな車？,https://news.yahoo.co.jp/articles/e12b4000025d3e5a17d70aa76272cfb795731acd,5/19(月) 8:10
2025-05-22,03:09,business,経済,3,帝国データバンク,高級中華料理店を運営する聘珍樓など2社（神奈川）が破産,https://news.yahoo.co.jp/articles/106f92498f5d4c5fd23feeb6e705071a20142971,5/21(水) 12:08
2025-05-22,03:09,business,経済,4,産経新聞,横浜中華街の「聘珍樓」が事業停止、清算へ　「日本最古」の流れくみ6店舗展開,https://news.yahoo.co.jp/articles/ecd96e510077dd7be09bccce1d98a7600cd219c7,5/21(水) 15:47
2025-05-22,03:09,business,経済,5,テレビ朝日系（ANN）,22日からガソリン値下げへ　ベストな給油タイミングは？　我慢続けた運送業界は安堵,https://news.yahoo.co.jp/articles/eb0eead3b48f2a6c5c7367f3dd4165cb63a77a18,5/21(水) 12:12
2025-05-22,03:09,business,経済,6,FNNプライムオンライン,【万博】「平日は1割　土日が非常に多いときでも3割」利用低迷の『パークアンドライド駐車場』吉村大阪府知事が”1台4人以上で半額”博覧会協会に提案と明かす,https://news.yahoo.co.jp/articles/042024e7e7191c8e2c03a153b4f673bd1d2ce394,5/21(水) 20:34
2025-05-22,03:09,business,経済,7,Bloomberg,ロシアのウクライナ領内進軍、今年大きく鈍化－強気の外交とは裏腹,https://news.yahoo.co.jp/articles/957b521f0e4b1b4d5d2713746ef3050fb56991ac,5/22(木) 1:50
2025-05-22,03:09,business,経済,8,Merkmal,車内80℃の「猛暑地獄」を変える！ いま「巻く」サンシェードが大注目なワケ、旧タイプとの決定的な差とは？,https://news.yahoo.co.jp/articles/294a569d41803713202d35d49fef0405d8d008d9,5/21(水) 7:20
2025-05-22,03:09,business,経済,9,乗りものニュース,「日本最大級のアウトレット」6月さらに“巨大化” 高速バスもガンガン来る！ “成田の裏アクセス”も確立!?,https://news.yahoo.co.jp/articles/4eaa3a40d166c28c4a84a80a4226300aa71ad01c,5/20(火) 7:42
2025-05-22,03:09,business,経済,10,産経新聞,コメ価格高騰「われわれも想像できず」JA全農担当役員が会見　備蓄米流通「極力短く」,https://news.yahoo.co.jp/articles/07e9c88ec28f98035b0bb0c8c4c7f48a43614f8f,5/21(水) 7:00
2025-05-22,03:09,business,経済,11,くるまのニュース,盗難車のトヨタ「アルファード4台」を“輸出寸前”でギリ発見！ 「告発しました！」 「コンテナ詰め車」タイへの不正輸出を阻止！ “最後の砦”横浜税関が「ファインプレー事例」公開,https://news.yahoo.co.jp/articles/4441168c3fb26b02ac8b5984feac97afb0ff7d23,5/21(水) 14:50
2025-05-22,03:09,business,経済,12,時事通信,「聘珍樓」が破産手続き　中華料理店、負債計32億円,https://news.yahoo.co.jp/articles/58575897f7665b67a0a26d8b1908ca6f79c0f654,5/21(水) 17:32
2025-05-22,03:09,business,経済,13,読売新聞オンライン,固定電話の全国一律提供義務を廃止、改正ＮＴＴ法が成立,https://news.yahoo.co.jp/articles/e1c3a858b185ab88d323095589e17a43ba7aad38,5/21(水) 12:27
2025-05-22,03:09,business,経済,14,ロイター,ビットコイン過去最高値更新、リスク選好度の改善続く,https://news.yahoo.co.jp/articles/0755aad2f6e102949ed0299b51e763e7b3947eb3,5/22(木) 1:39
2025-05-22,03:09,business,経済,15,乗りものニュース,日本初公開！ 自衛隊の「最大かつ最強な戦闘艦」ついに模型で披露！武装テンコ盛り細部までクッキリ,https://news.yahoo.co.jp/articles/9e786bbef00430fbbd141c50faed7156529a590c,5/21(水) 11:02
2025-05-22,03:09,business,経済,16,読売新聞オンライン,備蓄米３回目入札でもＪＡ全農が９７％落札,https://news.yahoo.co.jp/articles/6115b0aca7eb2c4536cbd6a17c9eab4f846c77dd,5/21(水) 9:14
2025-05-22,03:09,business,経済,17,FNNプライムオンライン,ガソリン価格が明日から段階的値下げへ　1Lあたり最大10円補助スタートで思わぬ困惑も…専門家が指摘する定額制の“落とし穴”とは?,https://news.yahoo.co.jp/articles/b3d5865118f1ea005b89a1c7d4d4e65b9f7b9b86,5/21(水) 18:52
2025-05-22,03:09,business,経済,18,くるまのニュース,新車235万円！ トヨタ新「ステーションワゴン」発表！ 高級感スゴイ「超豪華レトロ内装」がカッコイイ！ 煌めく“純正エアロ”採用の「新カローラツーリング」モデリスタ仕様とは！,https://news.yahoo.co.jp/articles/420ce26df2fee16c197010c0b17a23914d8f632f,5/20(火) 17:10
2025-05-22,03:09,business,経済,19,BUSINESS INSIDER JAPAN,コストコ、「爆売れ」金のインゴットに新たな購入制限（海外）,https://news.yahoo.co.jp/articles/b596186b26ac83a05722e0a4eceb8ebdd4cc14ab,5/19(月) 11:10
2025-05-22,03:09,business,経済,20,くるまのニュース,新車253万円！ マツダ「小さな高級車」が凄い！ 全長4.2m“ちょうどイイサイズ”×豪華「白＆ブラウンレザー」インテリアがサイコー！ 精悍ブラックがカッコいい「CX-3」とは,https://news.yahoo.co.jp/articles/507c461dfb1e928a7d2709704d2cc0092fc0b42c,5/21(水) 19:10
2025-05-22,03:09,business,経済,21,carview！,【たったの10円？】小手先の「ガソリン価格引き下げ」でお茶を濁すな！ 国の無策に庶民の怒りが頂点に,https://news.yahoo.co.jp/articles/d2c638234d42676f3558a20674680ad45dacecc9,5/21(水) 17:29
2025-05-22,03:09,business,経済,22,ファイナンシャルフィールド,車検に「9万円かかる」と聞いていたのに、当日の追加整備で「13万円」に！ バッテリーやエンジン交換したほうがいいらしいけど、見積もりと違う“追加整備”って本当に必要なのでしょうか？,https://news.yahoo.co.jp/articles/56a6cddfb4ba6e518cd4ae1a104d030a3ea34121,5/21(水) 13:40
2025-05-22,03:09,business,経済,23,みんかぶマガジン,電撃辞任！江藤農水相の残念発言、嘘だったというヤバすぎ釈明に国民怒り…コメ高騰、迷惑な自民党と農水省,https://news.yahoo.co.jp/articles/715e991dae00a218f83c10cb14d9654522d20608,5/21(水) 9:10
2025-05-22,03:09,business,経済,24,毎日新聞,小泉農相、備蓄米の入札中止を発表　石破首相が随意契約を指示,https://news.yahoo.co.jp/articles/aed42ee6bf4c946911d5a75bd95605d509f12370,5/21(水) 21:06
2025-05-22,03:09,business,経済,25,産経新聞,「炎の料理人」ゆかりの聘珍樓の破産手続き決定　帝国データ、負債総額32億円超,https://news.yahoo.co.jp/articles/af81ac6d52f8718241318ae18516a8ca4bf6e92f,5/21(水) 20:34
2025-05-22,03:09,business,経済,26,くるまのニュース,新車“約180万円”！ スズキ新「ワゴンR」発表！ 斬新「ニンマリ」顔＆スライドドア採用の「軽ワゴン」に「クリーム」仕様!? 上品インテリアもイイ「スマイル クリームコーデ」何が違う？,https://news.yahoo.co.jp/articles/04ec08ee54829cf452081b9ba00818b6e7e106ef,5/20(火) 18:10
2025-05-22,03:09,business,経済,27,GetNavi web,ハリセンボン・箕輪はるかが語るミニカー愛。きっかけは1台の働くクルマだった,https://news.yahoo.co.jp/articles/81ef40e595658c48343e3bf3e7453fd1986abc00,5/21(水) 20:30
2025-05-22,03:09,business,経済,28,Aviation Wire,KC-46A、空自向け5-6号機は年内納入へ　RVS2.0は27年,https://news.yahoo.co.jp/articles/12826e535d64ab5eb0ad9bbd7f5c2b9f72d67fe1,5/21(水) 23:48
2025-05-22,03:09,business,経済,29,Bloomberg,米ウルフスピード株が43％急落、数週間以内に破産申請との報道,https://news.yahoo.co.jp/articles/4ff42cee72490012888a034c2947ff04cf4de079,5/21(水) 8:14
2025-05-22,03:09,business,経済,30,Merkmal,日産、採算度外視の「切り捨て」か？ NV200バネット生産終了・湘南工場閉鎖が示す、高収益化への「痛すぎる決断」,https://news.yahoo.co.jp/articles/ec012b7560d5c79dcf413b409553b1401136613c,5/21(水) 5:51
2025-05-22,03:09,business,経済,31,ロイター,韓国ウォンが急上昇、米国が通貨高対策要求と報道,https://news.yahoo.co.jp/articles/4d4ed196ef372c92dad42e68566454e2598a1f5b,5/21(水) 21:12
2025-05-22,03:09,business,経済,32,乗りものニュース,自衛隊「F-35乗りの数が大台を達成！」発表の英企業「GCAP」まで睨んだ“日本にメリット大”な新サポート体制にも言及,https://news.yahoo.co.jp/articles/1d230c136783efc5580a5081695a497a2af50c05,5/21(水) 15:12
2025-05-22,03:09,business,経済,33,読売新聞オンライン,横浜中華街発祥の「聘珍樓」が破産手続き…１８８４年創業で全国展開、コロナ禍で客足遠のき負債３２億円,https://news.yahoo.co.jp/articles/192199023265048d2d0b9af4ffd8283eb7fbdfab,5/21(水) 20:14
2025-05-22,03:09,business,経済,34,ファイナンシャルフィールド,友人が住むマンションは「管理費」が「2万円以上」と聞いてびっくり！「管理が行き届いていていいよ」とのことですが、さすがに高すぎじゃないですか…？,https://news.yahoo.co.jp/articles/1088cd9382fc245a064f28c0eac7bfb0c0d41f86,5/21(水) 11:10
2025-05-22,03:09,business,経済,35,くるまのニュース,460万円！ 新「“4人乗り”軽トラ」初公開！ スズキ「キャリイ」の「2階建て」仕様！ 4人寝られる“広々スペース”もイイ！ CoastLine「FABULA」とは,https://news.yahoo.co.jp/articles/c54753c9b1dacd6a0206c4ab37ac7335f08f429a,5/21(水) 9:30
2025-05-22,03:09,business,経済,36,共同通信,東京都、水道基本料金を無償化へ　物価高で今夏、エアコン使用促進,https://news.yahoo.co.jp/articles/cf39287500699b6e2ac11d753998e6a6cd405213,5/20(火) 10:45
2025-05-22,03:09,business,経済,37,AUTOCAR JAPAN,トヨタ新型『RAV4』初公開　デザイン刷新、PHEVは最大300ps超に強化　年度内発売へ,https://news.yahoo.co.jp/articles/74ad0ab73ce810dcc3b842645fe48d9cdaa507ec,5/21(水) 18:45
2025-05-22,03:09,business,経済,38,鉄道コム,京成が「新たな有料特急導入」導入を発表　行先は「押上駅」、2028年度運行開始,https://news.yahoo.co.jp/articles/8dd41a999cb6b0e93d544016a3c4793e698942c0,5/21(水) 16:06
2025-05-22,03:09,business,経済,39,ファイナンシャルフィールド,銀行で新札の1万円を下したところ「ゾロ目」が！どれくらいの価値がある？ 希少な「記番号」を紹介,https://news.yahoo.co.jp/articles/3e25d88c7a69ee8710cc3660105006afe16b8302,5/21(水) 13:10
2025-05-22,03:09,business,経済,40,Aviation Wire,京成、新型有料特急を28年度導入　押上−成田空港間,https://news.yahoo.co.jp/articles/b9ad765d71c3947900038288ba6e3c44074de953,5/21(水) 22:54
