scrp_date,scrp_time,genre_en,genre_jp,rank,media_jp,title,link,date_original
2024-10-23,17:08,life,ライフ,1,ENCOUNT,「男が本能だけで作った晩飯」にネットざわつく　栄養バランス度外視も「いくらでも食べられそう」,https://news.yahoo.co.jp/articles/7cfee1e412094e2a6f3dbd9902b7f66f38aa085a,10/23(水) 16:03
2024-10-23,17:08,life,ライフ,2,LASISA,《ランキング》国宝級美女に選ばれた【20代女優】4位：今田美桜、3位：橋本環奈、超える1、2位は？？,https://news.yahoo.co.jp/articles/eadf2cb012fe1f39a43bdbc11ee65a42184ceac1,10/23(水) 11:40
2024-10-23,17:08,life,ライフ,3,ねとらぼ,「刑務所でファンと交流するな」怒りの声→服役前の俳優が「面会に来て」と呼びかけ物議　“7枚の手紙”つづる,https://news.yahoo.co.jp/articles/2d87c64b51b7cd15c21acb11aa7cbcd042dfde29,10/23(水) 13:22
2024-10-23,17:08,life,ライフ,4,ほ・とせなNEWS,2歳になった息子が「ぐったりして動かない」違和感を覚え病院へ…その後、腫瘍が見つかる。現在3歳になった彼を襲った病とは,https://news.yahoo.co.jp/articles/8672ce1be1f3e047e113f0375f13d5199cb7e3ac,10/23(水) 11:30
2024-10-23,17:08,life,ライフ,5,オリコン,【30歳差カップル】「一生ひとり」覚悟していた56歳男性がなぜ26歳女性と？ 6年ぶり運命の再会で生まれた変化,https://news.yahoo.co.jp/articles/de4f4da218b1e2752691fc3315733d7a3b93bfd7,10/22(火) 11:30
2024-10-23,17:08,life,ライフ,6,婦人公論.jp,腸年齢が35歳以下だった60代夫婦。二人に共通していたある生活習慣とは？内視鏡専門医「腸内環境は何歳になっても改善できる」,https://news.yahoo.co.jp/articles/61af9f3fc01a3effb3eb17314a4acf9fcb6549f3,10/23(水) 12:32
2024-10-23,17:08,life,ライフ,7,ほ・とせなNEWS,生後10ヶ月…医師「一生歩けないし、笑うこともない」その後25歳になった今。大学講師を目指す彼「自分を諦めない」その強い思いに迫る,https://news.yahoo.co.jp/articles/156896282db024aa2aa6c35cc596fd30bff8b0e4,10/22(火) 13:00
2024-10-23,17:08,life,ライフ,8,日刊ゲンダイDIGITAL,高市早苗氏が裏金議員の応援行脚で“石破おろし”に虎視眈々も…27人中6割強が討ち死に必至,https://news.yahoo.co.jp/articles/dfc55274e292f95ee82d215ed0e1581becfcaef2,10/23(水) 16:03
2024-10-23,17:08,life,ライフ,9,ファイナンシャルフィールド,一人暮らしの母が要介護に。「施設に入りたい」と言うのですが、入居費用は誰が払うのですか？ 私は自分の家庭があってあまり援助できません,https://news.yahoo.co.jp/articles/72b2a2d688db05ca85c9fbfa59600f4c1e4e58dd,10/23(水) 14:30
2024-10-23,17:08,life,ライフ,10,BuzzFeed Japan,【ニトリ】もっと早く買えばよかった！トイレ掃除が楽ちんになる「汚れ防止シート」100枚も入っててコスパ抜群です《購入レビュー》,https://news.yahoo.co.jp/articles/4ae569cd251ad68c66efb028e46390108d698847,10/23(水) 16:05
2024-10-23,17:08,life,ライフ,11,Hint-Pot,「7ユーロでお腹いっぱいになってうれしかった」　オランダ人が感激した日本のファストフード　絶賛した日本限定メニューとは,https://news.yahoo.co.jp/articles/7a4155ec3beb1d0d607b8ee9c0739bd11755baab,10/23(水) 14:18
2024-10-23,17:08,life,ライフ,12,ハフポスト日本版,「知らないうちにマナー違反してたかも…」⇒タイの世界遺産で目にした日本語で書かれた注意喚起が話題,https://news.yahoo.co.jp/articles/cf798768b061b2fc801910fea3f52d558b718239,10/23(水) 12:23
2024-10-23,17:08,life,ライフ,13,ほ・とせなNEWS,生後1週間の赤ちゃんと一緒に成長したワンコ　5年後の姿に「言葉は通じなくても心は通じている」「素敵」,https://news.yahoo.co.jp/articles/bab27ea803d85e32652ef6774707f11167a95325,10/23(水) 15:00
2024-10-23,17:08,life,ライフ,14,Lmaga.jp,「歌うぜよ！じゃないんよｗｗ」京都・近江屋跡地にできたカラオケ店にツッコミ続出、こだわりを聞いた,https://news.yahoo.co.jp/articles/81b71acb8ad1c559ba70f3c50e187edcadb4e896,10/23(水) 16:00
2024-10-23,17:08,life,ライフ,15,LIMO,仙台で目撃された貨物列車に思わず二度見　貴重な光景に「板も積荷も箱もとんでもない」,https://news.yahoo.co.jp/articles/dd029f799c14a078719325c1a1fdb0a2cfb334d0,10/23(水) 11:41
2024-10-23,17:08,life,ライフ,16,BuzzFeed Japan,【ロイヤルホスト】まるでスイーツ界のお子様ランチ！クリームたっぷりの「絶品パンケーキセット」通年で販売してほしい！《実食レビュー》,https://news.yahoo.co.jp/articles/72e136e24ec63d4c128d23cf1defc353250d45e7,10/23(水) 14:35
2024-10-23,17:08,life,ライフ,17,Hint-Pot,「これマジで困る（笑）」　仕事のメール中に抱いたふとした疑問　調べた漫画に大反響,https://news.yahoo.co.jp/articles/2440faf6132621806c88037b31aa882032ab783c,10/23(水) 12:03
2024-10-23,17:08,life,ライフ,18,ほ・とせなNEWS,シュッとしたお顔の赤ちゃん→7ヶ月後の変化に「こんなに変わるんだ」「イケメン」「すでに顔ができあがってる」の声が集まる,https://news.yahoo.co.jp/articles/10bf3d1d8470f3d40b81a482e6f16eab321f361e,10/21(月) 16:00
2024-10-23,17:08,life,ライフ,19,LIMO,保育園の親子遠足で2人分のお弁当を用意　母親のまさかの勘違いに「私もやりそう」と共感の声,https://news.yahoo.co.jp/articles/4b941795128413d5b5ea004b38c265d57f437f76,10/21(月) 11:02
2024-10-23,17:08,life,ライフ,20,ねとらぼ,太った自分を恥じて半ば引きこもっていた男性が数カ月で大変身　「予想を超えて来た」「度肝抜かれる」【海外】,https://news.yahoo.co.jp/articles/f69a6305debafd0d8b8517ed503797d2425ef708,10/23(水) 10:40
2024-10-23,17:08,life,ライフ,21,ねとらぼ,“10月デビューの妹”は「中島健人ファン」　人気アイドルの兄が明かした“妹エピソード”が話題→学校で兄のファンがいないか期待した結果,https://news.yahoo.co.jp/articles/15b1ec4fd621b81a8264473926bb68a3f29266f1,10/23(水) 16:04
2024-10-23,17:08,life,ライフ,22,日刊ゲンダイDIGITAL,逆風の石破自民「重点選挙区40」の波紋…残り5日“守りの選挙戦”で勝てない候補を切り捨てか,https://news.yahoo.co.jp/articles/438dd0447c2938df78adb621b003ac6fdd502f9c,10/23(水) 11:03
2024-10-23,17:08,life,ライフ,23,リセマム,都内で女性1名「はしか」陽性…注意呼びかけ,https://news.yahoo.co.jp/articles/6b9648ce1a2b4ac2417b8b101b2f34872d6683a1,10/23(水) 14:15
2024-10-23,17:08,life,ライフ,24,ねとらぼ,酒井若菜、40代に入り“身体に異変”　年齢に伴う変化に「激しく同意」「わかりすぎて面白い」,https://news.yahoo.co.jp/articles/5b4c7c1d3866517eb628a980a5e7343f8253523e,10/23(水) 15:06
2024-10-23,17:08,life,ライフ,25,日刊ゲンダイDIGITAL,石破首相「悪夢の民主党」発言の仰天…自ら否定の“禁句”使用で「安倍茂」「石破晋三」降臨？,https://news.yahoo.co.jp/articles/d900c20afbb32ff3f6bc09c8ee2473b00ea67a3d,10/23(水) 13:03
2024-10-23,17:08,life,ライフ,26,ねとらぼ,「変な声出た」　近所のハードオフに並んでいた“まさかのお宝”に仰天　「うわー」「ビビった」「ヤバすぎる」,https://news.yahoo.co.jp/articles/7c294140bf27d1b6a004c4c779b8a1d4f24d960f,10/23(水) 7:30
2024-10-23,17:08,life,ライフ,27,ねとらぼ,「笑いが止まらない」　深夜のバイクで職務質問 → バッグから出てきたものは……　警官も笑った“とんでもない光景”が1000万表示　「キマってますねぇ」,https://news.yahoo.co.jp/articles/308159c79e2dc4b67e56a7a72691de8622ce43b9,10/22(火) 19:50
2024-10-23,17:08,life,ライフ,28,まいどなニュース,まわしをつけたハスキー力士！？たくまし過ぎるムキムキ犬さんに驚きの声「モフムキ」,https://news.yahoo.co.jp/articles/73af40e5239f2d8d5d5d5fd5d7c8e718cb6d6beb,10/23(水) 16:00
2024-10-23,17:08,life,ライフ,29,ほ・とせなNEWS,ギターのおもちゃを持つ3歳息子。　次の瞬間！？「最後のキメまでかっこいい（笑）」「将来が決まった」「めっちゃ好き（笑）」の声が集まる,https://news.yahoo.co.jp/articles/5a719b8c658d4dd379763fa2408bbacea00e98c7,10/23(水) 16:00
2024-10-23,17:08,life,ライフ,30,ねとらぼ,「泣き虫愛ちゃんがこんな……」　福原愛が“おうちごはん”作り　驚きの手際の良さに「家庭的で凄い」と190万再生,https://news.yahoo.co.jp/articles/60d18d13c9ba3bcbf61fe52096d20085bc92a1d8,10/23(水) 11:35
2024-10-23,17:08,life,ライフ,31,ねとらぼ,「コントみたい！」　ソファに登りたい10カ月赤ちゃん、踏み台にしたのは……お約束の展開に「将来大物の予感」,https://news.yahoo.co.jp/articles/cdd8cdf3d2a098a371ff35018b59db67f1653e2d,10/23(水) 8:30
2024-10-23,17:08,life,ライフ,32,Hint-Pot,「アメリカでは油がドバドバ」　日本の味に衝撃　母国との差を感じ「本物」と感激したものとは,https://news.yahoo.co.jp/articles/732cf6c16cbc6fa73978cde0a3d325cca20268f4,10/23(水) 6:10
2024-10-23,17:08,life,ライフ,33,ハフポスト日本版,フライト中に撮影された紫金山・アトラス彗星⇒奇跡の1枚に7万を超える「いいね」,https://news.yahoo.co.jp/articles/e39f9a461b02d918e401db9270fcd94ae6aa26a6,10/22(火) 20:20
2024-10-23,17:08,life,ライフ,34,まいどなニュース,ガリガリに痩せ細った猫…トリモチにかかって毛が禿げた状態から半年後、美しい三毛猫に大変身,https://news.yahoo.co.jp/articles/53e57278df9f5fcae072d2919c7e9a1839c11e2c,10/22(火) 15:10
2024-10-23,17:08,life,ライフ,35,ほ・とせなNEWS,出勤前のパパを引き留める1歳娘。見せてきたものに「これは休む」「たまらない」「お仕事行けない」,https://news.yahoo.co.jp/articles/17ebf6cccd2459550b9bec207363b16ee930faf7,10/22(火) 6:30
2024-10-23,17:08,life,ライフ,36,まいどなニュース,路上で流血していた子猫を保護　そっと顔を拭くと、そこにはかわいらいしい顔立ちが…4歳になった今、家族に愛されるツンデレ猫に成長,https://news.yahoo.co.jp/articles/c354f235b6e121ff7b6c5f3edb752354d03578b5,10/23(水) 12:05
2024-10-23,17:08,life,ライフ,37,BuzzFeed Japan,【3coins】コンパクトなのに収納力ばつぐん！お散歩や買い物に便利な「万能バッグ」3選《購入レビュー》,https://news.yahoo.co.jp/articles/b2c88b7a17eeb19fec670d07462615a202bf5907,10/23(水) 13:35
2024-10-23,17:08,life,ライフ,38,BuzzFeed Japan,【GU】かわいいうえに高見えして嬉しい！ツイードみたいな「2990円ジャケット」さっと羽織るだけでコーデを格上げしてくれます《購入レビュー》,https://news.yahoo.co.jp/articles/fadfe1cd5cae2a650804256d0319479f5379c008,10/23(水) 15:35
2024-10-23,17:08,life,ライフ,39,BuzzFeed Japan,ダイソーの「粘着テープ」が名品だった！家中の小物をガッチリ固定できるし、何回でも貼り直せて便利です！《購入レビュー》,https://news.yahoo.co.jp/articles/03f4985abc44dd0bcd5fa60e34b09542e08d57da,10/23(水) 16:35
2024-10-23,17:08,life,ライフ,40,ねとらぼ,「りゅうちぇるに似てて涙」「そっくり」　peco、成長した息子の姿を公開　親子で11日間の海外旅行を報告,https://news.yahoo.co.jp/articles/698e7942b56c22c3e12b2678fee7c7d4cb0ea769,10/22(火) 21:23
