scrp_date,scrp_time,genre_en,genre_jp,rank,media_jp,title,link,date_original
2024-12-24,06:06,TTL,総合,1,TBS NEWS DIG Powered by JNN,イチロー、松井秀喜との10年ぶり再会に「いぇーい！」 意図せず囁かれた不仲説に松井は「色々すれ違っているんですよ」【独占密着】,https://news.yahoo.co.jp/articles/7517c0f76f64a71dfa22d6f50a1ce095dc4b6bed,12/24(火) 0:56
2024-12-24,06:06,TTL,総合,2,ENCOUNT,「これ長瀬智也だったんだ！」　現在にネット衝撃、まさかのメンバーと食事「ワイルドになりすぎやろ」,https://news.yahoo.co.jp/articles/f2ad616f3584189cb752efecef7b137bc7cb7c18,12/23(月) 20:34
2024-12-24,06:06,TTL,総合,3,スポニチアネックス,現役アイドルが衝撃の「逆プロポーズ」！お相手は…　ファン仰天「羨ましい」「微笑まし過ぎる」,https://news.yahoo.co.jp/articles/0a2acacc266222ef8141841a87ace3b8f01c5dea,12/23(月) 22:27
2024-12-24,06:06,TTL,総合,4,スポニチアネックス,「手取りが増えてしまう」急上昇！自民政調会長の発言映像が拡散、ネット「これが本音」「悪いんですか？」,https://news.yahoo.co.jp/articles/0bbd2f7c091fd3a501abba7c221ee19ef45e88e3,12/23(月) 12:55
2024-12-24,06:06,TTL,総合,5,中日スポーツ,「もっとしょうもないのが…」 Mー１、海原ともこのヤーレンズ評が波紋 「失礼すぎる」「視聴者に近い」,https://news.yahoo.co.jp/articles/095d2abee0bc119e7cdd7106f40abe9208ccbf8d,12/23(月) 19:00
2024-12-24,06:06,TTL,総合,6,スポーツ報知,第１子出産の栗原恵さん　イケメン夫＆赤ちゃんと親子ショット！「いい顔してる」祝福続々…夫が公開,https://news.yahoo.co.jp/articles/7305b7ad54d4b2b25cc19b00f1992c9dd63a8ba1,12/23(月) 14:50
2024-12-24,06:06,TTL,総合,7,スポニチアネックス,高田真希　夢の一軒家を購入！生放送でまさかの金額告白「浜田さんの今日のギャラより安いかなぐらいの…」,https://news.yahoo.co.jp/articles/1b161eeeba309132998bcb849a603e0e445452ff,12/23(月) 21:53
2024-12-24,06:06,TTL,総合,8,J-CASTニュース,献体写真に「頭部がたくさん並んでる」と添え...　美容外科医の「解剖実習」投稿が波紋,https://news.yahoo.co.jp/articles/1f12fa4c271946251ebaa94dee871f89529333f3,12/23(月) 13:15
2024-12-24,06:06,TTL,総合,9,日刊スポーツ,高須克弥院長が激怒「馬鹿医者め！」献体写真公開めぐる謝罪釈明の麻生泰氏や女性外科医に,https://news.yahoo.co.jp/articles/4f449ed17b7fcfc0615b8ab77b4d4965f0f24a6b,12/23(月) 21:09
2024-12-24,06:06,TTL,総合,10,スポーツ報知,天海祐希、大物ミュージシャンとの関係明かす「大ファンで、ウチの兄が。号泣しながら一緒に踊っていたらしい」,https://news.yahoo.co.jp/articles/acba62cd9d30fc9e0167cce302e3cb26438a670e,12/23(月) 23:55
2024-12-24,06:06,TTL,総合,11,J-CASTニュース,ラーメンを2人でシェアなら「商売は成り立ちません」　トラブル発生の人気店が苦言「もう来なくて大丈夫」,https://news.yahoo.co.jp/articles/b2e07bef2ebaadfcb45cbb2cb2c63d9a18e57dd5,12/23(月) 19:17
2024-12-24,06:06,TTL,総合,12,デイリースポーツ,妻が全員芸能人の元日本代表が集結「どうやったら有名人と付き合える？」に回答　ウルフアロンが代表質問,https://news.yahoo.co.jp/articles/50311dd0d0efc0a4cd6322abe365bafc343b68f8,12/23(月) 22:25
2024-12-24,06:06,TTL,総合,13,共同通信,巨人、田中将大が入団合意　日米通算197勝,https://news.yahoo.co.jp/articles/43734a94f2d0d66fb8d02355a904e44b9e246c3b,12/24(火) 0:11
2024-12-24,06:06,TTL,総合,14,日刊スポーツ,献体写真公開で炎上の女性美容外科医が謝罪「全てモザイクかけていたつもりで…倫理観が欠如」,https://news.yahoo.co.jp/articles/3a0abf0e7fcd5cc106972ff104a8b631547a4a57,12/23(月) 20:56
2024-12-24,06:06,TTL,総合,15,スポーツ報知,「アンジェラ・アキ」Ｘトレンド入りでネット沸騰「久しぶり」「頭から離れない」激変した現在の姿も話題,https://news.yahoo.co.jp/articles/64e14fa1d036573649c5ca4a34a1a97dac276dd9,12/23(月) 15:45
2024-12-24,06:06,TTL,総合,16,TBS NEWS DIG Powered by JNN,イチロー、愛工大名電時代の目覚ましは「“ピ”で止めなきゃいけない」 午前2時起床の寮生活で築いた“世界のイチロー”の礎【独占密着】,https://news.yahoo.co.jp/articles/68760994da1481603b69dd84149ecf6737c9b678,12/24(火) 0:56
2024-12-24,06:06,TTL,総合,17,西スポWEB OTTO！,「〝通りもん〟を超えたかも…」福岡出身女性歌手の挙げた〝福岡土産〟が話題「食べてみたい！」「とっとーと？」,https://news.yahoo.co.jp/articles/11813ac3be20f3a2e97f79386d4a3b08f4b06da4,12/24(火) 0:20
2024-12-24,06:06,TTL,総合,18,スポニチアネックス,ナイツ塙「言語力半端ない」あるM-1審査員に脱帽「オレの上位互換現れたなって」,https://news.yahoo.co.jp/articles/e714ecd5ca226b15571dd122939b300233e511fc,12/23(月) 16:47
2024-12-24,06:06,TTL,総合,19,スポニチアネックス,高田文夫氏「ふざけきってる…本物が現れた」　M-1決勝で爪痕残したコンビを大絶賛「あれが正しい漫才」,https://news.yahoo.co.jp/articles/39cafe525c63208deb1a1faa566e220a9229608b,12/23(月) 17:31
2024-12-24,06:06,TTL,総合,20,産経新聞,「行く気もうせてしまう」外国人観光客であふれる観光地　伸び悩む日本人の国内旅行,https://news.yahoo.co.jp/articles/3930477b5e2f8f5225c98ad7c2e2d66d244bf502,12/23(月) 20:21
2024-12-24,06:06,TTL,総合,21,FNNプライムオンライン,【解説】インフルエンザ「過去最強・最速の感染拡大」で発熱外来パンク…大人の感染が先行　医師「大流行する年のパターン」　“帰宅後すぐ入浴”で予防を【しってる?】,https://news.yahoo.co.jp/articles/8277d183b1708f4b1d3605c97b8dffa11ab97fd0,12/23(月) 15:02
2024-12-24,06:06,TTL,総合,22,Full-Count,電撃トレードに衝撃「なぜ出した？」　ドラ1加入も…25歳の放出に鷹ファン嘆き「え…まじで」,https://news.yahoo.co.jp/articles/da713f1aa7ca38c656f3e1fac78f925be7eaaed2,12/23(月) 12:43
2024-12-24,06:06,TTL,総合,23,スポニチアネックス,松尾潔氏　星野源の「紅白」披露曲「どうか考え直して」　主題歌担当映画の監督の性加害報道疑問視か,https://news.yahoo.co.jp/articles/8d82a7ccd5214e13edc26dda8c26760dee0bc940,12/23(月) 22:56
2024-12-24,06:06,TTL,総合,24,ほ・とせなNEWS,風邪っぽい症状が続き…「コロナかな？」しかしその後、道端で過呼吸に。判明した病とは,https://news.yahoo.co.jp/articles/26f1a19c412e44fd0572a5fb4af745c24b42e967,12/23(月) 6:30
2024-12-24,06:06,TTL,総合,25,LIMO,ブックオフで売られていた990円の「ジャンク品」　起動後の展開に「夢あるな」,https://news.yahoo.co.jp/articles/9aaa787236e7e8aa70acb8581ea1e0ee4e7a0d0b,12/24(火) 5:17
2024-12-24,06:06,TTL,総合,26,西スポWEB OTTO！,16年前にしのぎ削った3人が…M1審査員〝お疲れ乾杯3ショット〟にファン歓喜「この3ショット…泣ける」「感慨深いです」,https://news.yahoo.co.jp/articles/6ee3a3812133245f5c6ddad46c180411dde4ba06,12/23(月) 23:50
2024-12-24,06:06,TTL,総合,27,ファイナンシャルフィールド,新幹線の通路側の席で「駅弁」を食べていたら、次の駅で乗車してきた隣の人が「怪訝な顔」をしていました…何がいけなかったのでしょうか？,https://news.yahoo.co.jp/articles/2db946f1cb6aa3025539b42e53329dfe23dc427f,12/23(月) 7:40
2024-12-24,06:06,TTL,総合,28,デイリースポーツ,音楽プロデューサー・松尾潔氏　星野源に紅白歌唱曲の再考要求「どうか考え直して」　主題歌作品監督の性加害報道が理由,https://news.yahoo.co.jp/articles/1da8c3a466f4a6d9ab8350e90a8e122dc90f41d5,12/23(月) 22:38
2024-12-24,06:06,TTL,総合,29,西スポWEB OTTO！,人気元女子アナ「10年以上ぶり」再会にファン胸熱！夫は「鯉のプリンス」元TBSアナ&実業家の元テレ朝アナ近影に「癒されます」,https://news.yahoo.co.jp/articles/19cc582f8d0f3f7e8648dd316a6eab5305b18169,12/23(月) 23:00
2024-12-24,06:06,TTL,総合,30,中央日報日本語版,ロシア兵士、北朝鮮兵士に不満…「狂った者たち」,https://news.yahoo.co.jp/articles/70f7b128b8604fc4d5cd9286b01de8293643108d,12/23(月) 11:21
2024-12-24,06:06,TTL,総合,31,デイリースポーツ,「ちゅらさん」女優ＴＶ登場→山田孝之と23年ぶり再会にSNS沸く「４３かよ！可愛すぎだろ」「とっても綺麗」,https://news.yahoo.co.jp/articles/3eb5fe64ba02f79736862421d4c13cf6a59aba0a,12/23(月) 23:20
2024-12-24,06:06,TTL,総合,32,西スポWEB OTTO！,「可愛すぎて頭抱える」19歳アイドルのサンタ〝ガチ〟コスプレにSNS歓喜「タレ目とお髭がめちゃくちゃマッチ笑」,https://news.yahoo.co.jp/articles/2418e10b202fe6cf1510b885465f1569b2448fbd,12/23(月) 23:30
2024-12-24,06:06,TTL,総合,33,超WORLDサッカー！,弱体化するサウジアラビア代表…概ねフルメンバーもガルフカップ初戦でW杯最終予選同居のバーレーンに敗れる,https://news.yahoo.co.jp/articles/aad482c9456783db50c268d5b3d2abb0f8caf986,12/23(月) 20:52
2024-12-24,06:06,TTL,総合,34,東スポWEB,小田貴月氏　高倉健さんの妻ではなく養女になった経緯告白「一番摩擦が少ないところで…」,https://news.yahoo.co.jp/articles/e8f437188654ea157bb31209cb33553b8edd7491,12/23(月) 19:36
2024-12-24,06:06,TTL,総合,35,共同通信,女性刺した疑いの男、飛び降り死亡,https://news.yahoo.co.jp/articles/3f1cb933a4b0ee91c71f583d773ecda082e95dd1,12/23(月) 17:41
2024-12-24,06:06,TTL,総合,36,中日スポーツ,ドジャース「胴上げ投手」ビューラーがレッドソックスへ…単年33億で合意と米報道、師匠カーショーと別れ,https://news.yahoo.co.jp/articles/47dd6dcd446ed7de4ca0b5f4181a7d7c79c37f89,12/23(月) 23:50
2024-12-24,06:06,TTL,総合,37,モデルプレス,「M-1」準優勝のバッテリィズ・エース、本名・髪型の意味まで「おもろすぎ」一晩で日本中魅了した“新時代のアホ”【プロフィール】,https://news.yahoo.co.jp/articles/fc96593939e416a956b25150b6ed5ffb71d1a4e7,12/23(月) 18:40
2024-12-24,06:06,TTL,総合,38,ファイナンシャルフィールド,「年末調整で9万円返ってきた」という同僚。同じ年収の私は「8000円」ほどしか返ってこなかったけど、なにか“裏ワザ”があるの？「年収400万円」のケースで解説,https://news.yahoo.co.jp/articles/76bfca2be4d292284ee6de7b6927dcd6af3e98a8,12/22(日) 11:20
2024-12-24,06:06,TTL,総合,39,モデルプレス,「バチェラー」「バチェロレッテ」参加者同士が結婚 中道理央也＆西山真央、ウエディングフォトで報告,https://news.yahoo.co.jp/articles/3240017cb992af4dfd85ce2e65f38778cfdee2dd,12/23(月) 19:26
2024-12-24,06:06,TTL,総合,40,東スポWEB,【阪神】佐藤輝明〝ポスティング意向〟で現実味を帯びる「主力が一斉流出」の2027年危機,https://news.yahoo.co.jp/articles/393e9a12ea4eda260d96013dfbff6da58a666ee7,12/24(火) 5:16
