scrp_date,scrp_time,genre_en,genre_jp,rank,media_jp,title,link,date_original
2024-02-27,13:19,life,ライフ,1,Hint-Pot,“きのこ・たけのこ論争”に終止符？　X線で分析　驚きの結果に19万“いいね”の大反響,https://news.yahoo.co.jp/articles/12e75c8f05e079e81b14cb513b92f439ff7900f9,2/27(火) 10:53
2024-02-27,13:19,life,ライフ,2,ファイナンシャルフィールド,友人が「年収500万円くらいでいいから『普通の会社員』と結婚したい！」と言っています。実際それだけ稼ぐ男性の割合はどのくらいなのでしょうか…？,https://news.yahoo.co.jp/articles/9123ffe59002a67ff840460928d6ecb693c3eb1a,2/27(火) 11:20
2024-02-27,13:19,life,ライフ,3,マネーの達人,確定申告手続きをしなかった場合に課されるペナルティの種類とは　＃確定申告ボイコット,https://news.yahoo.co.jp/articles/75d29367568d1d8546abc08f5a2b527c4c561f05,2/27(火) 6:00
2024-02-27,13:19,life,ライフ,4,まいどなニュース,大学生息子の弁当、父が中身を見たら…？　爆笑する人続出「男ならこれ嫌いな人いない」「ごはんのおかずにごはん」,https://news.yahoo.co.jp/articles/8e0b987cce155cef1d4f435db772b3078b547216,2/27(火) 7:17
2024-02-27,13:19,life,ライフ,5,まいどなニュース,おばあさん「家まで送ってくれませんか？」→「いいよ、乗って乗って！」優しさと感謝の詰まった話にSNS感動　実は「沖縄ではよく聞く話」ですと,https://news.yahoo.co.jp/articles/5569558208cd66cfacaf6a3582392b298542d26a,2/26(月) 17:10
2024-02-27,13:19,life,ライフ,6,ねとらぼ,生まれたばかりの孫に会いに来た両親、赤ちゃんを見た瞬間号泣し……　幸せあふれる光景に「一緒に泣いちゃいました」,https://news.yahoo.co.jp/articles/13effff4c1b69e43f804fd04691081bb78189dd3,2/27(火) 10:00
2024-02-27,13:19,life,ライフ,7,まいどなニュース,メルカリで買ったタンスを開けたら…「まさに棚からぼた餅」タンスの数倍するお宝発見！,https://news.yahoo.co.jp/articles/c5cc3148fa9bbc701ff93c2766dc6a34a16c9a92,2/23(金) 17:00
2024-02-27,13:19,life,ライフ,8,Hint-Pot,祖母の“ど直球”結婚理由「顔がいいから」　102歳で亡くなった祖父は「今でも通用するイケメン」,https://news.yahoo.co.jp/articles/c92ed6d7cd2777217b6a60df81d35098809dbaa1,2/26(月) 17:07
2024-02-27,13:19,life,ライフ,9,ねとらぼ,「すき家へ1000日以上通い続ける男」に届いたプレゼント　“斜め上過ぎる中身”に困惑「何に使うんだこれ」,https://news.yahoo.co.jp/articles/e55ad359cdc6fcdf1a6812c7bdf06a9459e8a04b,2/27(火) 12:00
2024-02-27,13:19,life,ライフ,10,クランクイン！,警視庁が“段ボールを楽に運ぶ方法”を伝授！ 「目からウロコ」「これは良い！」と反響,https://news.yahoo.co.jp/articles/cb8cdd3243cae549352253e2f64873fc133ce6a3,2/27(火) 11:25
2024-02-27,13:19,life,ライフ,11,Hint-Pot,夫が外食中におもむろに取り出したのは…中身にSNS仰天　学者ならではの“珍品”、妻は意外に冷静,https://news.yahoo.co.jp/articles/e13aee7a6c8c8b578139d7ca490970679be46712,2/27(火) 9:10
2024-02-27,13:19,life,ライフ,12,まいどなニュース,"「やっちまったぜ…""おにぎり.jpg"" ってヤツをよ…」無惨な姿にセンス抜群のネーミング「不可逆圧縮」「拡張したい」",https://news.yahoo.co.jp/articles/0a5b993a7f40e478e664de6643cb00884505245a,2/27(火) 12:05
2024-02-27,13:19,life,ライフ,13,Hint-Pot,二階堂ふみ『Eye Love You』が韓国で大人気　「日本ドラマ史上初の快挙」　放送まで予想もつかず,https://news.yahoo.co.jp/articles/0fb092103a99f9f31f5827f7252efedfa4d84ec4,2/27(火) 10:13
2024-02-27,13:19,life,ライフ,14,マイナビ子育て,ギャル曽根さんが第三子のお食い初め！ 生後3ヶ月、お医者さんに言われて気になっていることとは……,https://news.yahoo.co.jp/articles/3e581ca06739db0023a31393fa0dbb441c090051,2/27(火) 12:12
2024-02-27,13:19,life,ライフ,15,BuzzFeed Japan,知ってた？  ゆで卵は「茹でずに」作れる。まさかの方法に「目からウロコ」「もっと早く知りたかった！」農水省が提案,https://news.yahoo.co.jp/articles/d04e8fd2c66776d5443576210158700f2d8aaad2,2/23(金) 18:10
2024-02-27,13:19,life,ライフ,16,ファイナンシャルフィールド,知り合いの社長が愛人に「お手当」を毎月20万円渡していますが、これって「税金」はかかりますか？,https://news.yahoo.co.jp/articles/843ceff68e1903e3cef97385e263e0f9ab7a3d4a,2/25(日) 11:00
2024-02-27,13:19,life,ライフ,17,まいどなニュース,マクドナルドが近日販売「チ〇チ〇〇〇チ」のメニュー名なーんだ！？SNSで大喜利「妄想を掻き立ててきやがる」,https://news.yahoo.co.jp/articles/28df1f9c6a90bae07ce3cb4ea4e5b7982f406cfa,2/27(火) 11:30
2024-02-27,13:19,life,ライフ,18,Hint-Pot,「スイスにはないなんて…」　日本でなじみのスイーツ　中欧生まれの男の子が生まれて初めて食べたら…反応が話題に,https://news.yahoo.co.jp/articles/2b40d89ae2a6be04cc2e824cf9d90401f7fedec9,2/26(月) 13:20
2024-02-27,13:19,life,ライフ,19,まいどなニュース,「祈ロケット打ち上げ成功」→1文字変えたら？　種子島の「期待度がうかがえる」アイデアが話題に,https://news.yahoo.co.jp/articles/ba1e4201c8ec94f0d85990c513a9792eb0a9fe55,2/27(火) 11:35
2024-02-27,13:19,life,ライフ,20,Hint-Pot,「最高すぎる！」　日本発祥のグルメに外国人観光客が感激　コンビニでも買える2種類のパンとは,https://news.yahoo.co.jp/articles/2108e7a456d532b26f090abbc1069275dcd29b8c,2/27(火) 8:10
2024-02-27,13:19,life,ライフ,21,ねとらぼ,“幻の錦鯉”を入手→開封して見てみると……　素人目でも分かる“他の鯉とは明らかに違う”姿に「こんな鯉いるのかよ」,https://news.yahoo.co.jp/articles/e2716853111462c36ce9c9b47ee3ffd118b86f23,2/24(土) 9:05
2024-02-27,13:19,life,ライフ,22,オリコン,「なんやこれー！」0歳児、はじめての納豆との遭遇に100万再生「そうなるわなｗ」「外国の方のリアクション」,https://news.yahoo.co.jp/articles/6618f537adec97dd8de972bb0c51522114814492,2/27(火) 8:00
2024-02-27,13:19,life,ライフ,23,まいどなニュース,「ぼく泣かないもんねっ」生後1カ月の赤ちゃん、への字口で泣くのを我慢していたら…　「何度も見たくなる」「尊すぎ」,https://news.yahoo.co.jp/articles/620af0acda1726f0607e13921ee912767064ed23,2/27(火) 11:23
2024-02-27,13:19,life,ライフ,24,ねとらぼ,3歳の息子を初めて保育園に送ったパパとママ、車の中でさびしさ募って……　涙なしには見られない光景に共感の嵐【米】,https://news.yahoo.co.jp/articles/36b4018d72e91b9c54bdda7451f580b34205428f,2/27(火) 11:35
2024-02-27,13:19,life,ライフ,25,ねとらぼ,体調が不安な愛猫を病院へ→先生に「笑われた」診察風景が244万表示！　思わぬ結果と珍しい姿に「落ち着き方すごいw」,https://news.yahoo.co.jp/articles/7ef3c3ae32f31ea36926d1ddea1433a57355e451,2/27(火) 7:05
2024-02-27,13:19,life,ライフ,26,LIMO,「となりのトトロのハーフ毛布が可愛い」ニトリ限定で買える！ネコバスも,https://news.yahoo.co.jp/articles/2e075acc726316cba7cc9605475523d31abe5939,2/26(月) 19:47
2024-02-27,13:19,life,ライフ,27,ねとらぼ,築36年住宅のありふれた玄関を、2万円以下でDIYしたら……　雰囲気激変の作業まとめに反響「このお値段でこのクオリティー、すごい！」,https://news.yahoo.co.jp/articles/ecae105e6298f349802647e641626e5f28746a26,2/26(月) 21:00
2024-02-27,13:19,life,ライフ,28,Medical DOC,『ステージ4の子宮体がん』闘病体験をYouTubeで発信する理由「検診を受けないのは時間がもったいない」,https://news.yahoo.co.jp/articles/507ca21293eb77fa9f7d0ad53dc77bd2f22f821c,2/26(月) 20:20
2024-02-27,13:19,life,ライフ,29,ねとらぼ,60歳女性がユニクロとGUの“神パンツ”を徹底比較　体形別のアドバイスに「早速買いに行きました」「すごく勉強になります」,https://news.yahoo.co.jp/articles/65a2762fd7be2e61220d0db5b57d1ee5dc6cd8c1,2/27(火) 8:00
2024-02-27,13:19,life,ライフ,30,ねとらぼ,字をきれいに“見せる”方法が目からウロコ！　新生活スタート前に覚えておきたい4つの「美文字のコツ」とは,https://news.yahoo.co.jp/articles/771b6347ce795d313dbe6e9e2ac58c37883f9631,2/27(火) 9:00
2024-02-27,13:19,life,ライフ,31,ほ・とせなNEWS,荷物もある中、泣いている子どもを抱っこしながら帰宅していた母親→「よかったら…」すると、学生が通りかかり…「日本の未来は明るい…！」,https://news.yahoo.co.jp/articles/be910f7f07af4f32de22dc746bbaa84342c5e603,2/27(火) 12:30
2024-02-27,13:19,life,ライフ,32,LIMO,シャトレーゼ「ひなまつりケーキ」がコスパ良くて姫感すごい！映えるスイーツでお祝い,https://news.yahoo.co.jp/articles/1d22b034197b92afa2b6633c48ddbe928e1243cb,2/27(火) 10:47
2024-02-27,13:19,life,ライフ,33,ねとらぼ,1歳娘、寒い日にホットミルクを飲んだ瞬間……　しみじみ味わう爆笑の一言に「かわいすぎます」「スタバおいしそう」,https://news.yahoo.co.jp/articles/a422eb486a85e12513e91359676f38da22bbdb58,2/27(火) 8:30
2024-02-27,13:19,life,ライフ,34,まいどなニュース,10匹の猫たちと夫婦で車中泊、1年以上も…なぜ？　コンビニで目撃→NPOが支援,https://news.yahoo.co.jp/articles/dd5f56dc9e14489e938b968772967864162c04c1,2/26(月) 18:10
2024-02-27,13:19,life,ライフ,35,ファイナンシャルフィールド,メルカリでコツコツ物を売ったら「20万円」に！ 喜んでいたら「ちゃんと申告しなよ？」と友人に忠告されました…利益20万円以上だと「確定申告」が必要って、ホントですか？,https://news.yahoo.co.jp/articles/100a5ea86ad9f5ff11fd01543b779be826296e15,2/17(土) 13:40
2024-02-27,13:19,life,ライフ,36,BuzzFeed Japan,セブン「最高にうまいラーメン。」の新作がインスタントとは思えない美味しさ！背脂たっぷりの濃厚スープが絶品です,https://news.yahoo.co.jp/articles/c8746c1456943bc34245be89aa27796a1423e4ac,2/27(火) 12:35
2024-02-27,13:19,life,ライフ,37,Hint-Pot,赤ちゃんとくつろぐいぬ＆ねこ　個性が分かれる姿にほっこり　「全員かわいすぎる」,https://news.yahoo.co.jp/articles/0e0867d3ebfe1674ba58cfb3067dc9f1ac28441a,2/26(月) 7:40
2024-02-27,13:19,life,ライフ,38,ファイナンシャルフィールド,12月から約3ヶ月「エアコン」をつけっぱなしです。やはり機械の寿命は短くなりますか？ 電気代も不安なのですが、いくらになるでしょうか…？,https://news.yahoo.co.jp/articles/27086d1cba61b70dd7b3e792f4551eae70c403f5,2/27(火) 11:30
2024-02-27,13:19,life,ライフ,39,マイナビニュース,安東弘樹が電気自動車を買った理由は? しかもプジョーのe-208!,https://news.yahoo.co.jp/articles/0799de816e685bbf4e8678c456aad56e842bc57a,2/27(火) 12:11
2024-02-27,13:19,life,ライフ,40,Hint-Pot,「誠意がすごい」　日本人の仕事ぶりに感激した初訪日のフランス人　「母国にはない魅力」を感じた場所とは,https://news.yahoo.co.jp/articles/c41e63311b269482944ec95f4357adb77d50c6e7,2/26(月) 18:10
