scrp_date,scrp_time,genre_en,genre_jp,rank,media_jp,title,link,date_original
2025-02-18,10:33,TTL,総合,1,スポーツ報知,大物俳優の息子　３３歳の姿が「かっっっこよ」身長１８６センチで俳優活動中…海外生まれで英語も堪能,https://news.yahoo.co.jp/articles/ef279e64510b3073fd8081eae157c2ed57fd2859,2/18(火) 4:54
2025-02-18,10:33,TTL,総合,2,メディカルドック,超加工食品は「パーキンソン病」死亡リスクを高める 超加工食品の“コワい健康被害”とは,https://news.yahoo.co.jp/articles/6db4f18277b38aef6ec97e49d98e0de5f133cdaf,2/18(火) 7:30
2025-02-18,10:33,TTL,総合,3,Full-Count,ド軍169発男、NPB移籍へ思い激白「いつか日本で」　愛娘から“懇願メール”も,https://news.yahoo.co.jp/articles/9fc9b482275dea3ab30e1bc9a1ae35efcd393f5e,2/18(火) 6:23
2025-02-18,10:33,TTL,総合,4,Bloomberg,みずほ銀行、貸金庫からの盗難可能性を金融庁に報告－関係者,https://news.yahoo.co.jp/articles/64c74725b5d7d77afd4ebcf7423651b1aee93473,2/18(火) 8:44
2025-02-18,10:33,TTL,総合,5,Full-Count,西武には「男として残れない」　3球団オファー断り…初めてユニホームを着ない決断と今,https://news.yahoo.co.jp/articles/abc08d289b4e760f7fdc41a9af3aa8ec75ac8697,2/18(火) 7:10
2025-02-18,10:33,TTL,総合,6,日刊スポーツ,34歳吉本芸人が激怒の告白、酔っぱらい男女３人にからまれた上に人違い「土下座したら許す！」,https://news.yahoo.co.jp/articles/8099b9c5786f850d3175e4be945c31bcf9ce16bc,2/18(火) 6:38
2025-02-18,10:33,TTL,総合,7,FNNプライムオンライン,【独自】まるで“車の墓場”公道に100台超の放置車両…多くは”営業ナンバー” 　住民困惑「治安悪い」「気持ち悪い」　東京・江東区,https://news.yahoo.co.jp/articles/5caaf20b310fc1af5df22470fb95646ccba3fa5e,2/18(火) 7:13
2025-02-18,10:33,TTL,総合,8,ENCOUNT,「赤いきつね」アニメCMは性的？　ネットで物議も「何が問題なんだろう」の声多数　専門家はミスリードの可能性を指摘,https://news.yahoo.co.jp/articles/be6fa9e15eb3b41706c7ddf32a75f9b540b9d603,2/17(月) 20:34
2025-02-18,10:33,TTL,総合,9,読売新聞オンライン,「もう二度と、あんな失礼なことは言われたくない」…プライド傷つけられた「技術の日産」,https://news.yahoo.co.jp/articles/227ba66a2deed096834cac9c6b8a8ba82865cd49,2/17(月) 17:37
2025-02-18,10:33,TTL,総合,10,FNNプライムオンライン,プロ入り拒否から一転…ビール瓶20本で深夜3時の西武入団決定　プロ4年目の飛躍を支えた「8時半の男」と米マイナー武者修行…「優勝請負人」工藤公康氏が語る活躍の裏側,https://news.yahoo.co.jp/articles/39436ac6227029c3fc5708f4a5a82a5ded53c766,2/18(火) 7:02
2025-02-18,10:33,TTL,総合,11,TBS NEWS DIG Powered by JNN,「ホテル雅叙園東京」の結婚式予約が突然キャンセルに　10月から“一時閉館”の報せ届き落胆と混乱「また1から探すのは…」,https://news.yahoo.co.jp/articles/c03fd6c2a66b0d4ab7c3d777e881a0dbff4af2f6,2/17(月) 21:02
2025-02-18,10:33,TTL,総合,12,スポニチアネックス,みちょぱ、突然の発表に一同騒然！ノブコブ吉村「えっ？」スタッフ「なんで事後報告なんですか？」,https://news.yahoo.co.jp/articles/5f85ada865d2494360c466d2d2a50165dff7f1d6,2/17(月) 15:33
2025-02-18,10:33,TTL,総合,13,ねとらぼ,そうはならんやろ！　あどけない女の子が約45年後には……　“とんでもないギャップ”に爆笑　「立派に育ってw」,https://news.yahoo.co.jp/articles/a2a8454024bf859f312915c1261fe54b870dfbfc,2/18(火) 8:00
2025-02-18,10:33,TTL,総合,14,日刊スポーツ,成田悠輔氏「日本で個人が稼いだお金にかかる税金は最高55%」と言及「でも昔はもっと…」,https://news.yahoo.co.jp/articles/fe0216f7be8f6fc95667692e4399ab92cde4606c,2/18(火) 6:40
2025-02-18,10:33,TTL,総合,15,ねとらぼ,母が7歳娘のために“ほぼ100均コーデ”を手作りしたら……　信じられないクオリティーに驚き「マジすごい」「おしゃれすぎ」,https://news.yahoo.co.jp/articles/934f7347d6542f19e359eae7c51fb07636a82305,2/18(火) 7:50
2025-02-18,10:33,TTL,総合,16,スポニチアネックス,大谷翔平＆山本由伸　2ショット写真に写り込んだモノにファン歓喜「愛は本物」「ただのボッテガじゃない」,https://news.yahoo.co.jp/articles/579d0d869acc0a65bad103b046bf10216c382113,2/18(火) 6:12
2025-02-18,10:33,TTL,総合,17,モデルプレス,timelesz菊池風磨＆原嘉孝「ゴリ炎上」やり取りは作戦失敗だった「1番照れるのはちゃんと打ち合わせしてたってこと」,https://news.yahoo.co.jp/articles/cd844d0b3ccce8cb7c3e30f80da108fc333ebae3,2/18(火) 0:34
2025-02-18,10:33,TTL,総合,18,デイリースポーツ,さんま　巨額財産、息子と娘に遺産相続させない「うちは言うてある」ＴＶで全額使途明言　理由に「行列」騒然,https://news.yahoo.co.jp/articles/6c7c1011a58f5505f027ffda5145d6e72bdc3d97,2/17(月) 20:00
2025-02-18,10:33,TTL,総合,19,読売新聞オンライン,「歯ブラシで刺した」の看護記録、「徘徊中ぶつけたようで血だらけ」と書き換え…みちのく記念病院殺人隠蔽事件,https://news.yahoo.co.jp/articles/c6b344b1d362df73268fd192d40c9d5c2ccf80f9,2/18(火) 5:00
2025-02-18,10:33,TTL,総合,20,ENCOUNT,30歳女優、親知らず抜きたての免許証写真にネット驚き「この綺麗さはすごい…」　祖父にも激似「可愛すぎんか」,https://news.yahoo.co.jp/articles/82a989b8d4ed563cb1d5cb555836f772c03f7324,2/18(火) 7:20
2025-02-18,10:33,TTL,総合,21,デイリースポーツ,マツコ生放送で激怒「誰が考えた？なすりつけるなよ」ずさんな新企画にスタジオ緊迫→ＭＣ「責任問題になってる」,https://news.yahoo.co.jp/articles/c6f6605665b5e1d604f4700e4fb0d2b1cbf73772,2/17(月) 20:41
2025-02-18,10:33,TTL,総合,22,乗りものニュース,「“軍艦の象徴”が無ェ!!」米海軍の新型なぜ“ツルツルすぎる”姿に？ 数百年ぶりに「艦砲なし」の可能性,https://news.yahoo.co.jp/articles/31fe9ab15d6d4e8fb05cc1abda3513719ad9ac6f,2/18(火) 8:12
2025-02-18,10:33,TTL,総合,23,ねとらぼ,伊勢丹で販売の高級バレンタインチョコに「カビによる汚染」発覚……　回収・返金へ,https://news.yahoo.co.jp/articles/6f3e346649281143ce72d585a9aac5c71e08ca2a,2/18(火) 7:30
2025-02-18,10:33,TTL,総合,24,ほ・とせなNEWS,ゴミ屋敷に嫁いだ女性　100日後の様子に「お見事です」「感慨深い」,https://news.yahoo.co.jp/articles/b94ef23d1706683a97780c3d2a07a8d78a5ce81c,2/18(火) 7:30
2025-02-18,10:33,TTL,総合,25,スポーツ報知,【阪神】開幕６番想定の２１歳が巨人・岡本級だ　ヤクルト・村上級だ　ＮＰＢ屈指の打球速度１７０キロ超え,https://news.yahoo.co.jp/articles/4c40a5838f9d54ec72b8e3518e662e5981b438be,2/18(火) 5:00
2025-02-18,10:33,TTL,総合,26,ねとらぼ,息子の“ミニカー遊び”をよく見ると……　おもちゃに紛れた“まさかのもの”に思わず二度見「だいぶ高級車やねぇ」,https://news.yahoo.co.jp/articles/2f837c8363d75cbae0d596f497c6a5c39f359692,2/18(火) 7:40
2025-02-18,10:33,TTL,総合,27,Hint-Pot,「革命的だからよ！」　フランス人母が選んだ日本で一番おいしかったもの　「本気で言ってるの!?」と娘が驚いたグルメとは,https://news.yahoo.co.jp/articles/372a9765a4bd7455094150350d1c74275197fab9,2/18(火) 6:20
2025-02-18,10:33,TTL,総合,28,埼玉新聞,6カ月の女児が意識不明　ワゴン車とトラックが衝突　ワゴン車には30代の両親と女児、トラックには20代の男性が乗車　ワゴン車の車内にチャイルドシートは確認できず　現場は片側1車線の緩やかなカーブ,https://news.yahoo.co.jp/articles/3abdd6f723ba8419f5e9e6a6480574bb8c07ae5a,2/18(火) 7:48
2025-02-18,10:33,TTL,総合,29,ゴルフ総合サイト ALBA Net,渋野日向子は新ウェッジ『RTZ』投入か  竹田麗央は深夜着→練ランへ　米女子タイ大会に出場する日本勢9人が“集結”,https://news.yahoo.co.jp/articles/2c18789cfa5a88272a403def42f62f3d2d84b740,2/18(火) 7:30
2025-02-18,10:33,TTL,総合,30,Full-Count,佐々木朗希の“魔球”に捕手驚愕「見たことがない」　初体験の軌道「とてもユニークだ」,https://news.yahoo.co.jp/articles/e6550ab42eeeba4935c2587f087959d753f5dfa0,2/18(火) 7:04
2025-02-18,10:33,TTL,総合,31,デイリースポーツ,ロバーツ監督　ドッキリ仕掛けた大谷翔平に「これで１対０だ」ミーティングで宣言　子供用ポルシェの行方は？現地メディアのインタビューで明かす,https://news.yahoo.co.jp/articles/6f8207fcaeef0be0fe85fb295a56320eab166a34,2/18(火) 6:29
2025-02-18,10:33,TTL,総合,32,オリコン,timelesz菊池風磨＆原嘉孝、「ゴリ炎上」の経緯振り返り自虐「めちゃくちゃ燃えてるじゃないですか！」,https://news.yahoo.co.jp/articles/b73c1d39c3469b3c53bcbd03d730efcb714cd205,2/18(火) 1:25
2025-02-18,10:33,TTL,総合,33,All About,「布団の上でパソコンをいじってはいけない」って本当ですか？【専門家が回答】,https://news.yahoo.co.jp/articles/e59368a9ecd78788c64ed594a5e2ec6140e0f47c,2/17(月) 21:25
2025-02-18,10:33,TTL,総合,34,スポニチアネックス,窪塚洋介　マンションから転落後「大きく立ち直った」恩人の存在明かす　初対面で言われた言葉に「え？」,https://news.yahoo.co.jp/articles/ba9144c607af96834152c6eeed0835fd85e0196b,2/18(火) 6:30
2025-02-18,10:33,TTL,総合,35,中日スポーツ,トラウト、一度拒否した「右翼転向」受け入れの理由…大谷翔平1位、自身39位の屈辱ランキング「少し燃える」,https://news.yahoo.co.jp/articles/a88086701a0ad97a0d78f5d1330db744a796c725,2/18(火) 7:47
2025-02-18,10:33,TTL,総合,36,よろず～ニュース,元フジアナ・渡邊渚さん「“一生日陰を生きていかなきゃいけない”なんて前例を作りたくない」強い思い明かす,https://news.yahoo.co.jp/articles/5c548131eb6b5b8f764d7d1e8f083c02ba54c706,2/18(火) 6:50
2025-02-18,10:33,TTL,総合,37,スポーツ報知,「足ながっ」５８歳タレント、圧巻の美スタイルに目線くぎ付け！「綺麗すぎる」「美脚」「憧れの存在」,https://news.yahoo.co.jp/articles/b38a6add92ff8111d5f3d8a39730776f4a2a377f,2/18(火) 5:37
2025-02-18,10:33,TTL,総合,38,ENCOUNT,アンタ柴田、「本当に時々飲む」人気芸人を紹介　「雰囲気が似てるw」「意外なコンビ！」と反響,https://news.yahoo.co.jp/articles/98a68f2e6c749188a53db1a23da6d9ae8fcbcf10,2/18(火) 9:32
2025-02-18,10:33,TTL,総合,39,日刊ゲンダイDIGITAL,ソフトバンク城島健司CBO「遅かれ早かれ、正捕手はいなくなる。それが今年だったということ」,https://news.yahoo.co.jp/articles/db3ea5fc0ed0a876a9c785adb20919da68ee3da4,2/18(火) 9:06
2025-02-18,10:33,TTL,総合,40,BuzzFeed Japan,【べらぼう】「震えました」まさかの出演者にSNSザワつく「名前見てビックリ」「思わぬキャスティング」,https://news.yahoo.co.jp/articles/b5d0346a4d27084d8d46eb821165828d7b3a6b9a,2/18(火) 7:45
