scrp_date,scrp_time,genre_en,genre_jp,rank,media_jp,title,link,date_original
2025-05-16,11:36,TTL,総合,1,47NEWS,千円着服で懲戒免職、１２００万円の退職手当もパーに…この処分、重すぎる？　「魔が差した」バス運転手の払った大きすぎる代償、司法の判断も揺れた,https://news.yahoo.co.jp/articles/5cbbb70ed83776905a193c5c2e547e8810be5fdf,5/16(金) 9:32
2025-05-16,11:36,TTL,総合,2,デイリースポーツ,前田健太、カブスとマイナー契約合意　7日に米タイガースを自由契約　メジャー昇格すれば鈴木誠也、今永昇太と共闘へ,https://news.yahoo.co.jp/articles/0840c63519158f876e1df4a5a09d7540ec81fac0,5/16(金) 9:37
2025-05-16,11:36,TTL,総合,3,メディカルドック,「胃がんの前兆となる5つの初期症状」はご存知ですか？ 予防法も医師が解説,https://news.yahoo.co.jp/articles/f9c8b378923142b97ea69330542b6afda8b7ece7,5/16(金) 7:30
2025-05-16,11:36,TTL,総合,4,ENCOUNT,2歳下の俳優に「かっこいいな」　33歳女優、猛アプローチの末に結婚「向こうはなんとも思ってなかった」,https://news.yahoo.co.jp/articles/7b0f29056beeec5d6464b92df2fe794ae34c621a,5/16(金) 9:36
2025-05-16,11:36,TTL,総合,5,スポーツ報知,無表情の女優の正体　ネット震撼「バカでか声出た」「マジで衝撃」「分からんかった」「怖すぎる」「ホラー」,https://news.yahoo.co.jp/articles/4c1f188d7eba1c788d9a8ffc3b80cc942e33c63d,5/16(金) 5:28
2025-05-16,11:36,TTL,総合,6,みんかぶマガジン,「ごはん1杯はコンビニのサンドウィッチより安い」と主張のJA組合長が炎上…コメ価格「決して高いとおもっていない」発言に疑問,https://news.yahoo.co.jp/articles/139e60766100475212180cbe240eee9888b5d2e8,5/16(金) 9:10
2025-05-16,11:36,TTL,総合,7,スポーツ報知,なんと５年ぶりＴＶ出演へ「会社員ですので…」大ブレイクから１２年　現在の姿が「ホント綺麗」「どんどん美人に」,https://news.yahoo.co.jp/articles/cb5d95ae81b3141cb86ec26c411024bf1d90db6e,5/15(木) 19:55
2025-05-16,11:36,TTL,総合,8,西スポWEB OTTO！,「たまらんですなー」73歳と63歳…超大物俳優〝豪華2ショット〟にネット大反響「好き好き中年の王子様」「2人ともカッコよすぎ」「やっぱお若い!!」の声,https://news.yahoo.co.jp/articles/94b5f46890143d42950ca0e4cb143a7c3e89b90f,5/16(金) 6:10
2025-05-16,11:36,TTL,総合,9,スポニチアネックス,池田エライザ「美容師が一緒」同世代＆同郷の人気女優「“仲良くなりたいです”とお伝えして」対面心待ち,https://news.yahoo.co.jp/articles/a8a0e02b47b04d3d4b9d0fb144c56efb539f1ee6,5/16(金) 8:51
2025-05-16,11:36,TTL,総合,10,FNNプライムオンライン（フジテレビ系）,【速報】1人一律2万円の現金給付案を立憲・野田代表が発表　食料品の消費税ゼロの財源も示す　剰余基金の取り崩しなど充当,https://news.yahoo.co.jp/articles/bd3e88f362b449e285311f848500984cbdfee801,5/16(金) 11:02
2025-05-16,11:36,TTL,総合,11,デイリースポーツ,岡村隆史　偶然飛行機で隣に→すぐに席移動した人気芸人を暴露「嫌でしたか？サミシカッタデスヨ」,https://news.yahoo.co.jp/articles/b1d22e8147fda602cea1a724aa711e724e08b9eb,5/16(金) 10:27
2025-05-16,11:36,TTL,総合,12,デイリースポーツ,突然借金１０億背負ったＴＶ出まくり俳優　兄の破産宣告を拒否→「俺が返す」　かまいたち騒然「返したんですか！？」,https://news.yahoo.co.jp/articles/26348448c69a5b3961525a837f271f4db15c9c16,5/16(金) 10:10
2025-05-16,11:36,TTL,総合,13,北海道ニュースUHB,"""半袖・短パン""外国人カップルが“雪山”に登山…9合目で「寒さで動けない」110番通報し警察のヘリで救助―イギリスから観光客〈北海道羊蹄山〉",https://news.yahoo.co.jp/articles/aac8ddad22d9ca98ab46f7cac52ae65c1fea5660,5/14(水) 11:10
2025-05-16,11:36,TTL,総合,14,東スポWEB,【日本ハム】新庄監督が電撃トレードで救援陣強化も　球団関係者「積極的に行っていく」,https://news.yahoo.co.jp/articles/4072cab436f3163ba90657105547d8895d5ef81e,5/16(金) 5:16
2025-05-16,11:36,TTL,総合,15,Hint-Pot,「お返事ください」　毎晩、玄関先に現れるねこに託した手紙→驚きの返事が！　展開を見守る人続出,https://news.yahoo.co.jp/articles/126cfa3a83f64d9490811689655c6c6df173a425,5/16(金) 10:38
2025-05-16,11:36,TTL,総合,16,東海テレビ,呼吸ない状態で搬送…自転車の11歳小学生が交差点で軽乗用車と衝突し死亡 自転車側の道路に一時停止の標識,https://news.yahoo.co.jp/articles/12cc464b1877138ad648d4fc4c14eedbe5927dc1,5/16(金) 7:09
2025-05-16,11:36,TTL,総合,17,日刊スポーツ,ひろゆき氏、「頭悪いの？」　石破茂首相のコメめぐる発言へのSNS反応にツッコミ,https://news.yahoo.co.jp/articles/82d602c1a8386d8590289acf2eca06ae5e11eddb,5/16(金) 10:01
2025-05-16,11:36,TTL,総合,18,スポーツ報知,４０歳になった元「おバカタレント」激変した最新姿に衝撃「誰だかわからなかった」髪バッサリで別人,https://news.yahoo.co.jp/articles/63ec8615b33928d637c1fd5a232ed90700363af7,5/16(金) 10:55
2025-05-16,11:36,TTL,総合,19,ねとらぼ,マクドナルド、ハッピーセット新おもちゃ発売日に“早朝から行列”　一部店舗で混雑・混乱も　「すぐ売り切れちゃいそう」と不安の声,https://news.yahoo.co.jp/articles/3600ac20bfa8a5cba20abd747dbd7fc4a87ebf60,5/16(金) 9:28
2025-05-16,11:36,TTL,総合,20,ABEMA TIMES,「どうしても気になっちゃう」大相撲中継、親方の背後に“ただならぬ存在感”の人物 「イカつすぎる」「オーラが違う」,https://news.yahoo.co.jp/articles/8cbf2cad8864821d37ebd56630b31a83f68099ff,5/16(金) 6:46
2025-05-16,11:36,TTL,総合,21,スポーツ報知,「えっ！マジで」…「アメトーーク！」蛍原徹がスタジオでひと目ぼれした女子プロレスラー…「今熱い女子プロレス芸人」特集,https://news.yahoo.co.jp/articles/0188c37f36161aaa32748cda1c5d7755c137c06c,5/16(金) 7:23
2025-05-16,11:36,TTL,総合,22,Hint-Pot,「日本では神のように扱われるのも無理ない」　アメリカ人が訪日中に驚いた光景とは,https://news.yahoo.co.jp/articles/08823120766572941b32785be73f9b86df75c188,5/16(金) 6:10
2025-05-16,11:36,TTL,総合,23,BUSINESS INSIDER JAPAN,"【ルポ】クレカ不正利用。""補償対象外""と言い張るカード会社から、いかに「全額返金」を勝ち取ったか？",https://news.yahoo.co.jp/articles/d76f080f4d682a54fc6200fe4176e780c98a2fac,5/16(金) 7:00
2025-05-16,11:36,TTL,総合,24,日刊スポーツ,松屋の「モンスターメニュー」、終売へ　Ｘにファン「それはダメ！」「うそだ、、、」悲鳴続々,https://news.yahoo.co.jp/articles/8cafa5497f19122f2a1b6b93bbfc9349e60e7eac,5/16(金) 9:14
2025-05-16,11:36,TTL,総合,25,スポーツ報知,大御所歌手の美人めいっ子　資格取得を報告「えーすごい！」「おめでとう」「可愛すぎる」女優活動中,https://news.yahoo.co.jp/articles/7677767b34f35b06709f8ff4ae2255b35b352139,5/16(金) 9:55
2025-05-16,11:36,TTL,総合,26,スポーツ報知,名家出身の３０歳女優　別人のような姿…朝ドラ３度、マイファミリー、ｓｉｌｅｎｔなど出演,https://news.yahoo.co.jp/articles/322b5a5478d5175e499d25acf14b1dfc3e591948,5/16(金) 6:42
2025-05-16,11:36,TTL,総合,27,スポニチアネックス,第1子妊娠中の33歳人気タレント　ゆったりワンピ姿披露に「かわいいママさん」「身体を大事にね」,https://news.yahoo.co.jp/articles/6a8efb8c0bdf0183552faed61514f75dcadbd219,5/16(金) 8:17
2025-05-16,11:36,TTL,総合,28,Full-Count,打率4割でも…高すぎる“イチローの壁”　驚異的打棒のジャッジも届かぬ偉業,https://news.yahoo.co.jp/articles/b089b510ec28d863f90a2b3541d6eff8a20edbe3,5/16(金) 7:20
2025-05-16,11:36,TTL,総合,29,ABEMA TIMES,もうワケわからん！ 大谷翔平の足で“予想外の展開”「なんで？」「速すぎw」相手野手がビビる… とんでもないスピードで“爆速内野安打”,https://news.yahoo.co.jp/articles/e5d87b80bb66410c428679d9ab57c17948a79453,5/16(金) 5:46
2025-05-16,11:36,TTL,総合,30,中央日報日本語版,「中国人客はマナーがないのでお断り」…物議かもした日本の焼き鳥店が廃業,https://news.yahoo.co.jp/articles/6ef7c3376cc3c4e85814a67f6b4584432ffcf818,5/15(木) 16:12
2025-05-16,11:36,TTL,総合,31,tvkニュース（テレビ神奈川）,【速報】大倉山のクリニックで強盗傷害か　容疑者は逃走　横浜市港北区,https://news.yahoo.co.jp/articles/cee5cb309b3947169562088e8bec2382c7e04fd6,5/16(金) 10:42
2025-05-16,11:36,TTL,総合,32,ねとらぼ,「こ、これは便利」　セリアで買った“万能すぎる皿”に反響続出　「一家に一皿欲しい」「発想すばらしい」,https://news.yahoo.co.jp/articles/d2b3f15eec0a86d13e6cde98751f58aba6e4efb6,5/16(金) 7:40
2025-05-16,11:36,TTL,総合,33,スポニチアネックス,ひろゆき氏　コメ輸出で私見「米輸出を否定する人は、米の不作を知らないくらい頭が悪いの？」理由も説明,https://news.yahoo.co.jp/articles/fadab8582d4f2d00eb43b4ee43acb128579645ce,5/16(金) 9:41
2025-05-16,11:36,TTL,総合,34,デイリースポーツ,長身美女ゴルファーと真っ赤なラグジュアリーＳＵＶ　今週の愛車投稿にＳＮＳ「高級車にスマイル」「似合ってるね」の声,https://news.yahoo.co.jp/articles/6e095042b098f7a49db6e7572ede909f12ea18c7,5/16(金) 10:12
2025-05-16,11:36,TTL,総合,35,オリコン,『あんぱん』壮絶過去にネット驚き「そんな…」「ツラすぎる」「時代の犠牲者」【ネタバレあり】,https://news.yahoo.co.jp/articles/a703fa6d87fb40ae5e06811b0f1df9e40c361ec9,5/16(金) 8:42
2025-05-16,11:36,TTL,総合,36,デイリースポーツ,綺麗ママに変貌　３６歳美人タレントが愛息と２ショ「ビジュめちゃくちゃ好き」「なんて可愛いママさん」,https://news.yahoo.co.jp/articles/d3211c4e3b0d4cb2587ecb38c8663da171cd3ca2,5/16(金) 7:00
2025-05-16,11:36,TTL,総合,37,弁護士JPニュース,“斎藤知事派”市議が初当選も「居住実態なし」と市民が当選無効の申立て…“居住要件をめぐる疑惑”が後を絶たないのはなぜ？【弁護士解説】,https://news.yahoo.co.jp/articles/4c805de683c39a2065ebddf1e6781546bbdb6240,5/16(金) 10:10
2025-05-16,11:36,TTL,総合,38,スポニチアネックス,岡村隆史　韓国行きの飛行機で隣の席に座った意外な人物「まさかと僕も…すらっとした男性が横に」,https://news.yahoo.co.jp/articles/32ca7bc1d2a1d839cc78b7278f402581b09ce99e,5/15(木) 16:01
2025-05-16,11:36,TTL,総合,39,Full-Count,スカートひらりの1球が「可愛いな」　笑顔満点の投球にファン悶絶…「満足」,https://news.yahoo.co.jp/articles/5e64e7dd03321b96aadee2872f77cab0d5ea6583,5/16(金) 8:10
2025-05-16,11:36,TTL,総合,40,Full-Count,大谷翔平の“争奪戦”をストップ　人形配布で球団が異例の対応…メディアも注意喚起,https://news.yahoo.co.jp/articles/4911c5adcab0888d2c4d2ddaccf2b3b05164c8fc,5/16(金) 8:12
