scrp_date,scrp_time,genre_en,genre_jp,rank,media_jp,title,link,date_original
2024-04-25,12:18,business,経済,1,みんかぶマガジン,「イメージ違ってショック」大谷翔平“ハワイ26億円別荘購入”で心配の声…違和感しかない「本人の肉声」と思い出される「広告塔」トラブル,https://news.yahoo.co.jp/articles/472c20fdb864e2f24a5ca6ac65d96dc1abeb436e,4/25(木) 9:10
2024-04-25,12:18,business,経済,2,みんかぶマガジン,タンス預金50兆円がピンチ…4月1日から銀行口座とマイナンバーが紐付けられる「口座管理法」期限内に回答しなければ「同意」と見なされる,https://news.yahoo.co.jp/articles/e3816f75fc556bdef6c1d79f9d92ab269bca1ed1,4/24(水) 9:10
2024-04-25,12:18,business,経済,3,ファイナンシャルフィールド,ママ友が「ふるさと納税の返礼品」で「100万円」の高級腕時計を受け取ったそうですが、”高収入世帯”と思ってよいのでしょうか？,https://news.yahoo.co.jp/articles/3eb7e47678d35a24330721c066ee59b38aa9d4db,4/25(木) 11:20
2024-04-25,12:18,business,経済,4,ITmedia ビジネスオンライン,50歳になっても“現役”　日本発の「モンチッチ」は、なぜ7000万体も売れているのか,https://news.yahoo.co.jp/articles/f907c61ca7d4814e4c1034d8886281687e94d667,4/25(木) 5:40
2024-04-25,12:18,business,経済,5,ファイナンシャルフィールド,少し車から離れただけで「緑のおじさん」に駐禁の切符を切られました。なぜ警察でない人が取り締まれるのですか？「無視」してはダメでしょうか？,https://news.yahoo.co.jp/articles/a8ee7ae6e18754a250db77b97fced42747527d3a,4/25(木) 11:20
2024-04-25,12:18,business,経済,6,乗りものニュース,ついに大型爆撃機まで撃墜？ ロシア軍はどれだけ航空機を失ったのか ウクライナ侵攻で損害かさむ,https://news.yahoo.co.jp/articles/4126e98917384a430257cdde01ca69f4498ab9ca,4/25(木) 11:42
2024-04-25,12:18,business,経済,7,ITmedia ビジネスオンライン,山手線沿線の再開発が進む　「新宿、渋谷、品川」駅の工事はいつ終わるのか,https://news.yahoo.co.jp/articles/98f76de7957822fb165c707473891b5e2be66ce6,4/25(木) 7:10
2024-04-25,12:18,business,経済,8,くるまのニュース,ホンダが“赤い”新型「プレリュード」初公開！ “22年ぶり復活”の「2ドアクーペ」が鮮烈レッドに変化!? 2024年にも登場期待の「新モデル」米に登場,https://news.yahoo.co.jp/articles/3bca5606bfe8438ff5421bc37b2918ee16fc2246,4/25(木) 11:50
2024-04-25,12:18,business,経済,9,ファイナンシャルフィールド,43歳で部長に昇進した友人が「給与と業務時間が見合っていない」と愚痴をこぼすのですが、実態はどうなのでしょうか？,https://news.yahoo.co.jp/articles/bb5123b98883910afa2b7847af47c877b80415d5,4/25(木) 11:10
2024-04-25,12:18,business,経済,10,バイクのニュース,一体どうすればいい？ ツーリング先でブレーキやクラッチのレバーが折れてしまった場合の対処法,https://news.yahoo.co.jp/articles/5f40c23d7641962f55c2b3d532741eee1386875d,4/25(木) 10:10
2024-04-25,12:18,business,経済,11,ファイナンシャルフィールド,大学の入学祝いに祖父母から「300万円」もらいました。両親からは「学費に充てれば大丈夫」と言われましたが、本当に「贈与税」はかからないのでしょうか？,https://news.yahoo.co.jp/articles/af27ec0c6480190555754ee02eb19faf2cad6038,4/25(木) 11:31
2024-04-25,12:18,business,経済,12,乗りものニュース,潜水艦のシンボル“長～い潜望鏡”が消滅!? どう索敵するのか 海自の新鋭「たいげい」で世紀の大転換？,https://news.yahoo.co.jp/articles/510a26843f1a3f6c20d24e71e29de6a61659fa64,4/24(水) 18:12
2024-04-25,12:18,business,経済,13,ファイナンシャルフィールド,「プリウス」vs「ランクル」毎日30km運転すると、ガソリン代が「年10万円」も違う!? 高燃費を保つコツもあわせて解説,https://news.yahoo.co.jp/articles/e4cdb8da6b9592e907b9fd33451a7d1f0050888d,4/25(木) 11:20
2024-04-25,12:18,business,経済,14,くるまのニュース,ホンダ「新型ヴェゼル」登場！ めちゃ“精悍スポーツ”仕様にゴツすぎ「アウトドア仕様」も設定！ デザイン刷新の「新型ヴェゼル」純正アクセが発売,https://news.yahoo.co.jp/articles/d5ead9bf1f60dbd4afa81662719bbab0d709b95e,4/25(木) 11:25
2024-04-25,12:18,business,経済,15,ファイナンシャルフィールド,地方に住む親から「会社を辞めて地元で安定した公務員になりなさい」と言われています。地方公務員は収入が安定しているのですか？,https://news.yahoo.co.jp/articles/4e05ea920e09ef8026d3626a84e8f5b4858b5836,4/25(木) 11:20
2024-04-25,12:18,business,経済,16,47NEWS,小林製薬「紅麹」結局何が問題なの？公表までに２カ月、謎のプベルル酸、サプリ市場に影…　「医薬品と同等の管理が必要なケースもある」と専門家,https://news.yahoo.co.jp/articles/5f2b5bf8e8b9cfaad13c413674d882f76bc29908,4/25(木) 11:02
2024-04-25,12:18,business,経済,17,くるまのニュース,最近聞かない「水抜き剤入れますか？」のセリフ！ なぜ勧められなくなった？ 昔はよく声掛けられたのに…なぜ？,https://news.yahoo.co.jp/articles/ec9c4578b017f1e380b02a7347a4acc2fcb7e655,4/25(木) 9:10
2024-04-25,12:18,business,経済,18,くるまのニュース,トヨタ「プリウス」なぜ人気復活？ 飽和状態のハイブリッド市場で“先駆者”が再び注目を集めるワケ,https://news.yahoo.co.jp/articles/8e129b98bc9f2eeb4c986bf9988910ad1269a53a,4/25(木) 10:10
2024-04-25,12:18,business,経済,19,LIMO,【ふつうの人の出費の一覧表つき】62歳男性の年金「一人暮らし」ですが、同世代は服や靴にいくらかけているのでしょうか？,https://news.yahoo.co.jp/articles/a478a42c351e05f3ab32eaf8337549bd66c3d229,4/25(木) 11:32
2024-04-25,12:18,business,経済,20,Nosweb.jp,「もしこのクルマのエンジンが壊れたら、新しいクルマは買わないわ。同じエンジンに載せ替えるの」,https://news.yahoo.co.jp/articles/0cbb2552d38a488f09acc089caf44d735a82d556,4/24(水) 12:05
2024-04-25,12:18,business,経済,21,LIMO,4月15日にひとりで「30万円の年金」を受け取れたのはどんな人？6月支給分からさらに増額,https://news.yahoo.co.jp/articles/98ed1f1c234da660585247a45e466259896df1e1,4/25(木) 6:17
2024-04-25,12:18,business,経済,22,食品産業新聞社ニュースWEB,KFC「こどもの日9ピースバーレル」5月3日発売、オリジナルチキンが500円値引き、同時注文でサイドメニュー値引きも、“こどもの日”振替の5月6日まで/ケンタッキーフライドチキン,https://news.yahoo.co.jp/articles/250c75a260a7d99bb05c9d8351e608fe1454b4db,4/25(木) 11:22
2024-04-25,12:18,business,経済,23,ファイナンシャルフィールド,週に2日は通勤時「ひと駅手前」で降りて歩いています。通勤手当の「不正受給」にはならないですよね？,https://news.yahoo.co.jp/articles/c5d8ee2d6933bb720200ce86a967df60f65231b7,4/25(木) 6:40
2024-04-25,12:18,business,経済,24,LIMO,【住民税非課税世帯】給付金手続きが進む「高齢受給者」が多いワケとは？ シニアの貯蓄一覧表や条件まとめ,https://news.yahoo.co.jp/articles/b49e4be05bcacb1b1a8c23dd28eceed23a99e7ba,4/23(火) 20:47
2024-04-25,12:18,business,経済,25,テレビ朝日系（ANN）,配属ガチャ、初日に退職...超売り手市場の新入社員の現状　入社先に何を求める？,https://news.yahoo.co.jp/articles/bf644a6188a26e28c16a3ec62a7273cf5d7229d6,4/24(水) 13:22
2024-04-25,12:18,business,経済,26,朝日新聞デジタル,福岡ドームが「みずほPayPayドーム」に　異例のダブル命名権,https://news.yahoo.co.jp/articles/b44b277fa1cc64c153e4723c67204a38a443bd88,4/25(木) 5:00
2024-04-25,12:18,business,経済,27,くるまのニュース,ホンダが「新型SUV」発表！  トヨタ「ハリアー」サイズの「“クーペ”ボディ」採用！ 斬新デザインがカッコイイ「e：NS2」中国で予約受付開始へ,https://news.yahoo.co.jp/articles/718dac6fa1f7b88621f5e469f698c322e0820c71,4/24(水) 6:40
2024-04-25,12:18,business,経済,28,ファイナンシャルフィールド,産休中の主婦です。103万円の壁、180万円の壁の違いと一番お得な働き方を教えてください,https://news.yahoo.co.jp/articles/48e22cfbedebb0163c56f34e2a6dd90960be2a6e,4/25(木) 11:32
2024-04-25,12:18,business,経済,29,くるまのニュース,ホンダ新型「ヴェゼル」発表！ ゴツい顔面に”タフ進化”!? 野外最強「ハント」モデルも登場 288万円から,https://news.yahoo.co.jp/articles/224a529d197fae6de10dfad534e54a39ab292239,4/25(木) 11:00
2024-04-25,12:18,business,経済,30,ABEMA TIMES,大手生保各社 追加利上げは7月以降の予想,https://news.yahoo.co.jp/articles/e2c5d35788e357d602c28a4e9f9a823e37a0643f,4/25(木) 10:51
2024-04-25,12:18,business,経済,31,東京商工リサーチ,約束手形の決済期限を60日以内に短縮へ 　支払いはマイナス影響 約4割、回収では 5割超がプラス影響,https://news.yahoo.co.jp/articles/a81be7c46d5a51245a1b88c930fb1fb2dd4abdaf,4/25(木) 10:31
2024-04-25,12:18,business,経済,32,LIMO,【厚生年金】40年間の平均月収が「約40万円」だった場合、老後の年金受給額は月額いくらになりますか？,https://news.yahoo.co.jp/articles/baa5cef8e8280e9ce9242e97f03719c9db636cd1,4/25(木) 5:17
2024-04-25,12:18,business,経済,33,日刊ゲンダイDIGITAL,「築地」再開発の事業者が決定…三井不動産連合に「読売」も参加する“ごった煮”状態に（重道武司）,https://news.yahoo.co.jp/articles/8f359c4c00ce8542dbb5e371b77dfeb57a06ea65,4/25(木) 9:06
2024-04-25,12:18,business,経済,34,ニュースイッチ,生活実用性重視「250」投入…トヨタ「ランクル」群戦略、背景に豊田会長の問題提起,https://news.yahoo.co.jp/articles/d9cfbaa47dfb112832b699cd507661aae2689c42,4/25(木) 11:20
2024-04-25,12:18,business,経済,35,乗りものニュース,「戦前の車両」走った！ 戦車／四駆車／戦車改造ブルドーザー 80年前の轟音エンジンを体感『奇跡の現存車輌』イベント大盛況!!,https://news.yahoo.co.jp/articles/df7659759f4aeb76d479339bec8aa87940f82e2d,4/25(木) 9:42
2024-04-25,12:18,business,経済,36,読売新聞オンライン,長崎スタジアムシティのオフィス棟を入居検討の企業関係者らに公開…11階建て、7割成約済み,https://news.yahoo.co.jp/articles/395cb1a4af195ebbbd523ccd0ecf33adfad739d9,4/25(木) 11:27
2024-04-25,12:18,business,経済,37,ファイナンシャルフィールド,祖父の空き家を相続しました。立地的にも売れなさそうなのですが、どうすればいいですか？,https://news.yahoo.co.jp/articles/c25fb5f12bc564f1531ffd4818868294dc032963,4/25(木) 6:10
2024-04-25,12:18,business,経済,38,Webikeプラス,【スクープ！】TRICKSTARがCT125ハンターカブ用マフラーを開発中！4ミニ本格参入も？！,https://news.yahoo.co.jp/articles/6183b43bca113813870e50d73fd85dfd90be0280,4/25(木) 11:41
2024-04-25,12:18,business,経済,39,ファイナンシャルフィールド,30歳会社員で「年収500万円」。退職後にすぐ就職して「再就職手当」をもらったら、失業手当を全期間もらうより「額」が減ってしまった！ 減った分は取り戻せないの？,https://news.yahoo.co.jp/articles/c71520662a17a15c96dfc85f8a2716f35a4d7909,4/25(木) 10:50
2024-04-25,12:18,business,経済,40,乗りものニュース,「大谷選手がエコノミーでごろ寝」した旅客機、実は日本じゃ激レア!? 山本選手は“ワンランク上席”に,https://news.yahoo.co.jp/articles/3eee237ee002d255c6a35e6206365045a3d666e8,4/25(木) 8:12
