scrp_date,scrp_time,genre_en,genre_jp,rank,media_jp,title,link,date_original
2025-12-04,18:11,business,経済,1,ITmedia ビジネスオンライン,年会費9万9000円で「買えないものを買う」　どういうこと？　富裕層カードの知られざる世界,https://news.yahoo.co.jp/articles/059913bcaa00f7b1b263f2e0ba778dd976a09dc5,12/4(木) 7:10
2025-12-04,18:11,business,経済,2,共同通信,子育て世帯による借り換え優遇へ　「フラット35」の金利引き下げ,https://news.yahoo.co.jp/articles/d0634b6f14522fa80b7f2c6f81fddf4adb14fa10,12/4(木) 15:52
2025-12-04,18:11,business,経済,3,鉄道コム,JR東日本全線が平日限定「1日1万円」で乗り放題！ 新幹線・特急も利用可能な「キュンパス」今年度も登場,https://news.yahoo.co.jp/articles/610f5ce807b45897ad428ab15159a547bd029f48,12/4(木) 14:16
2025-12-04,18:11,business,経済,4,みんかぶマガジン,青山繁晴「日本は隠れた資源大国」「レアアースは中国産より純度20倍」…あまりに飛躍しすぎ！疑問の声「国際社会の方向性とかみ合わない主張」,https://news.yahoo.co.jp/articles/f89ccabd777e54e9f2eca75c4c4f47db2a350af9,12/4(木) 9:10
2025-12-04,18:11,business,経済,5,ITmedia ビジネスオンライン,ファイターズファンはなぜこんなに熱狂する？　その裏にある“緻密なデータ戦略”,https://news.yahoo.co.jp/articles/58354af77d8c3178e0ad0e9055301da4057b9253,12/4(木) 17:00
2025-12-04,18:11,business,経済,6,LIMO,60歳代「貯蓄3000万円超以上」の割合は？夫婦ふたりの老後、標準世帯の生活費はどのくらい必要？《データで解説》,https://news.yahoo.co.jp/articles/3e21fe97b8605208c986417f57c1893717f53384,12/4(木) 14:40
2025-12-04,18:11,business,経済,7,テレビ朝日系（ANN）,【独自】高校生の扶養控除の縮小を検討　高所得者優遇との批判受け　政府・与党,https://news.yahoo.co.jp/articles/46685f0002f81f4fd515b7e68a4d234eb5999350,12/4(木) 17:12
2025-12-04,18:11,business,経済,8,LIMO,【老後】シニアの無職夫婦は「ひと月いくら」で暮らしてる？70歳代の貯蓄額は二極化傾向…平均・中央値もチェック,https://news.yahoo.co.jp/articles/948cd6c60805f83e7b29a830dfdbcea36713b173,12/2(火) 11:20
2025-12-04,18:11,business,経済,9,みんかぶマガジン,中国の本音「長期化は避けてほしい」…「毒苗」と高市総理を罵る中国に待つ”深刻なブーメラン” 経済ボロボロで成長目標「未達」に危機感,https://news.yahoo.co.jp/articles/1d6d9f4a93eef4f005249591e89deba33aebf8f9,12/3(水) 9:10
2025-12-04,18:11,business,経済,10,共同通信,ダイハツ、23万台リコール　「ハイゼット」ドア不具合,https://news.yahoo.co.jp/articles/9f18b57567da2d58ef9b02b203030a18f37553a8,12/4(木) 15:44
2025-12-04,18:11,business,経済,11,ファイナンシャルフィールド,「年収660万円」の3人家族。“最大16万円”の「給付付き税額控除」は本当に受け取れる？ マイナカードがあれば「申請不要」で振り込まれるって本当ですか？,https://news.yahoo.co.jp/articles/585193ee79e4fa797730f15306fb78a14f04e2b8,12/4(木) 13:30
2025-12-04,18:11,business,経済,12,ロイター,ジーテクト、最大402万株売り出し　ホンダが350万株売却,https://news.yahoo.co.jp/articles/95984be5068f13481717c5d7c3fb27b7248629e8,12/4(木) 16:51
2025-12-04,18:11,business,経済,13,食品産業新聞社ニュースWEB,生タラバ・特大ずわい・タラバガニふんどしや「カニタワー」など登場する『カニフェア』開催【回し寿司活】,https://news.yahoo.co.jp/articles/0b3afc2feb05f7583f86934b9e6e0222b02de69c,12/4(木) 13:11
2025-12-04,18:11,business,経済,14,Bloomberg,円が対ドルで一時上昇、政府が利上げ容認見通しとロイター報道,https://news.yahoo.co.jp/articles/77b041fc99409bc810d7b856ad88ea046a15f04f,12/4(木) 15:04
2025-12-04,18:11,business,経済,15,LIMO,【シニアのお金事情】年金の「平均受給額」とシニア世代の生活費はいくら？年代別の家計収支をチェック,https://news.yahoo.co.jp/articles/49b60f9bba1529f8fb90f679aa415e0e11c79e72,12/4(木) 16:10
2025-12-04,18:11,business,経済,16,食品産業新聞社ニュースWEB,「すき家の福袋」発売決定、同額クーポンにブランケットやスープマグ付き,https://news.yahoo.co.jp/articles/c80d51921e034fdd29375d4c6c589d8255c18d40,12/4(木) 14:18
2025-12-04,18:11,business,経済,17,乗りものニュース,「在来線があまりに遠い新幹線駅」ついに着工へ 主要駅は“はるか彼方!?” 接続バスどうすべき？ リニア山梨県駅を歩く,https://news.yahoo.co.jp/articles/f2cdba46e53c83aa4602814ac3a0bf9acf8761c0,12/4(木) 9:42
2025-12-04,18:11,business,経済,18,ファイナンシャルフィールド,息子のために貯めておいた児童手当。成人のタイミングで渡したいのですが、一括で手渡すと贈与税がかかるって本当!?,https://news.yahoo.co.jp/articles/84e08002be286bf2e934b5f5a51e97b91f040564,12/3(水) 7:20
2025-12-04,18:11,business,経済,19,テレビ朝日系（ANN）,【独自】高校生の扶養控除の縮小を検討　高所得者優遇との批判受け　政府・与党,https://news.yahoo.co.jp/articles/bbf3689f8ade590bf674f552bf3a7d95f0e7b73a,12/4(木) 17:36
2025-12-04,18:11,business,経済,20,くるまのニュース,大雪の「国道17号」で立ち往生発生！ やっぱり「ノーマルタイヤ車」だった… 豪雪地帯の“上越国境”で「坂」を登りきれず 「法令違反です」国道事務所が注意を呼びかけ 新潟・湯沢,https://news.yahoo.co.jp/articles/58443115ac9644308044f35e52e4b2f5afeb670c,12/4(木) 16:45
2025-12-04,18:11,business,経済,21,ABCニュース,ダイハツが「ハイゼット」など６車種２３万台リコール　ドア閉められなくなる恐れ　部品の設計の検討が不十分か,https://news.yahoo.co.jp/articles/12771cf0084d6a1de7bf4d4eec859c342e75c112,12/4(木) 16:25
2025-12-04,18:11,business,経済,22,東京商工リサーチ,サウナ事業を手掛けていたHabitat（株）（東京）が破産開始決定　タレント・小島瑠璃子さんの亡き夫が創業,https://news.yahoo.co.jp/articles/4e09f9c471f33a9e185346693af1fc1b19bdcc7e,12/3(水) 10:07
2025-12-04,18:11,business,経済,23,ファイナンシャルフィールド,【ふるさと納税】「年収800万円だから」と、妻が“1万円×10自治体”に寄附！「上限額は超えてない」けど、手続きが面倒になりますよね？ 還付金額が変わったりしますか？,https://news.yahoo.co.jp/articles/6673c91157dce4b581b86340ba32eb3becccfc0a,12/4(木) 14:20
2025-12-04,18:11,business,経済,24,くるまのニュース,埼玉の「お金取る橋」無料化へ！ 自転車も「20円かかる」けど国道4号〜国道17号を“直結”でめちゃ便利！ 浦和IC〜浦和駅間の「新見沼大橋有料道路」 開通30年で無料通行に,https://news.yahoo.co.jp/articles/5dc7796b37e93effca0932f946b385c20d62d06b,12/3(水) 7:20
2025-12-04,18:11,business,経済,25,ファイナンシャルフィールド,公営住宅に住んでいますが「収入超過」になると、退去勧告されると聞きました。そのまま住み続けたいのですが、年収いくらまでだったら居住が許されるのでしょうか？,https://news.yahoo.co.jp/articles/7c44066cb083487c541aeac27aaaabf6e4430f7b,12/4(木) 7:10
2025-12-04,18:11,business,経済,26,朝日新聞,コメ価格の見通し、先安感いっそう強まる　備蓄米放出直後より低水準,https://news.yahoo.co.jp/articles/ddd4c65c576c4f155a3415b6d56ed5eac620142c,12/4(木) 17:04
2025-12-04,18:11,business,経済,27,ニュースイッチ,キヤノンが中国・広東の工場閉鎖した背景事情,https://news.yahoo.co.jp/articles/09fd074073572b6b497a54baaa5c0f7e50b410ff,12/4(木) 10:10
2025-12-04,18:11,business,経済,28,食品産業新聞社ニュースWEB,【2週末限定】「かにざんまい!豪華大漁祭」開催/本ずわいがに・紅ずわいがにを使用した多彩な商品を販売【小僧寿し】,https://news.yahoo.co.jp/articles/f861d13a76fcd5bcb6f60ab49d1c74b912ff99e3,12/4(木) 16:22
2025-12-04,18:11,business,経済,29,ファイナンシャルフィールド,父から建築費1000万円を援助してもらってマイホームを建てます。相続税対策として有効とのことですが、贈与税はかかるのでしょうか。,https://news.yahoo.co.jp/articles/c50b83d0e62e994f01f3ebc693f7e4aa24c6f849,11/27(木) 17:10
2025-12-04,18:11,business,経済,30,共同通信,ボルボ、2万台リコール　ドア不具合、開く恐れも,https://news.yahoo.co.jp/articles/94cb91f550307df52cb61d71e110e3baa13c93c4,12/4(木) 15:58
2025-12-04,18:11,business,経済,31,共同通信,【独自】教育贈与の非課税終了へ　来年3月延長見送り、利用低調,https://news.yahoo.co.jp/articles/7c8a9fa0f70cf39ff9c8bbc1d0c1e5bd346fb510,12/4(木) 13:19
2025-12-04,18:11,business,経済,32,共同通信,佐川急便、荷物預かり一部停止　本州・四国、通販セールで物流増,https://news.yahoo.co.jp/articles/ac7f1a119a73c456084cbbd649d3829ed6bc629c,12/4(木) 9:58
2025-12-04,18:11,business,経済,33,乗りものニュース,就役を控えた「海自の最新潜水艦」ついにロゴマークが決定！ SNSでは「素晴らしい」「センス良すぎ」の声,https://news.yahoo.co.jp/articles/15c39c8f277e6d88262a5d1a60a36e0293527a28,12/4(木) 11:42
2025-12-04,18:11,business,経済,34,LIMO,【新NISAシミュレーション】毎月5万円を15年間つみたてたらいくら？50歳→65歳の資産額を現実的に試算,https://news.yahoo.co.jp/articles/f543a81b7f529a71301ebda827bcefee77479c13,12/4(木) 14:10
2025-12-04,18:11,business,経済,35,共同通信,N―BOX2カ月ぶり首位　11月の車名別販売,https://news.yahoo.co.jp/articles/321bab6674bc70df167519ec80197649f908db73,12/4(木) 16:32
2025-12-04,18:11,business,経済,36,Bloomberg,ユニクロ「UT」の仕掛け人、NIGO氏創業のHUMAN MADEを世界ブランドに,https://news.yahoo.co.jp/articles/3ae4dc382b8237da9b566acc3be68d98a81989c7,12/3(水) 7:00
2025-12-04,18:11,business,経済,37,共同通信,地方減収、国が全額穴埋め　車購入時の課税停止で,https://news.yahoo.co.jp/articles/36c1e91d8404f26a0763d88e7de4738a5b2c3f95,12/4(木) 16:21
2025-12-04,18:11,business,経済,38,ファイナンシャルフィールド,11月で退職し「会社の健康保険証」が不要に！ もう「マイナ保険証」を持ってるなら“捨てて問題ない”ですか？「名前・生年月日」も記載されているので心配です…,https://news.yahoo.co.jp/articles/f67963bf58ab4621b27d520204aecac60c6fe45c,12/4(木) 14:10
2025-12-04,18:11,business,経済,39,BUSINESS INSIDER JAPAN,中国人観光客“一斉キャンセル”騒動。成田空港「減便は1割」も購買力喪失リスク懸念【データで見る】,https://news.yahoo.co.jp/articles/8336512e024dc0269fc72f2bd9dac3dbe2d05408,12/4(木) 5:30
2025-12-04,18:11,business,経済,40,帝国データバンク,民事再生を申請していた住宅型有料老人ホーム運営の都エンタープライズ（大阪）が会社更生へ,https://news.yahoo.co.jp/articles/265171056c28ab35a4ccc110c6272adae114e5b9,12/4(木) 17:27
