scrp_date,scrp_time,genre_en,genre_jp,rank,media_jp,title,link,date_original
2025-09-16,02:06,entertainment,エンタメ,1,スポニチアネックス,ATSUSHIものまね芸人、有吉弘行に苦言「関係ありますか？批判するのはやめてください」,https://news.yahoo.co.jp/articles/654761b18ea15ab9f98746c140333a794e3a062b,9/15(月) 15:28
2025-09-16,02:06,entertainment,エンタメ,2,西スポWEB OTTO！,「苦労もあったけど幸せそう」2度の離婚、コロナ禍で病気発症…大河出演俳優と再婚した46歳女優の近影に反響「相変わらず綺麗」,https://news.yahoo.co.jp/articles/efabd2a38f05cacff26d52530e546508954e478e,9/15(月) 23:00
2025-09-16,02:06,entertainment,エンタメ,3,西スポWEB OTTO！,芸能界引退、2度の離婚、復帰...社会現象になった大人気女優が〝大胆全開バック〟ショット披露しファン大興奮「相当イケてます」「とても美しい」,https://news.yahoo.co.jp/articles/4324dfcf3c1f853af3e1202d0f077a328e536308,9/15(月) 23:20
2025-09-16,02:06,entertainment,エンタメ,4,スポニチアネックス,カズレーザー　二階堂ふみと結婚の挨拶のために帰省し「ショック」受けた出来事　「うわーって」,https://news.yahoo.co.jp/articles/624e10113e40837e7b311d3aa57aa2c2fd7fa023,9/15(月) 18:42
2025-09-16,02:06,entertainment,エンタメ,5,スポニチアネックス,黒柳徹子、藤井風と食事へ「楽しかった」　「徹子の部屋」の約束実現に「早速」「本当に行ってて最高」の声,https://news.yahoo.co.jp/articles/e3b3947af914e33b6653aa0ac837e85d15ab909f,9/15(月) 15:21
2025-09-16,02:06,entertainment,エンタメ,6,西スポWEB OTTO！,「とと姉ちゃん」から9年…元〝天才子役〟14歳になった成長姿に反響「めちゃくちゃ美人」「いつの間に！？」べらぼうで大河デビューでも話題,https://news.yahoo.co.jp/articles/47f3a3399b6ca9a15ad6849dbb1e0ab15da75630,9/15(月) 23:40
2025-09-16,02:06,entertainment,エンタメ,7,スポニチアネックス,ATSUSHIものまね芸人、南部虎弾さんの葬儀でもトラブル「ふざけんな、てめぇ！」と声を荒らげ…,https://news.yahoo.co.jp/articles/60c9e373d1d8e138e0c04efd0d18801c5610ecd3,9/14(日) 18:32
2025-09-16,02:06,entertainment,エンタメ,8,スポニチアネックス,あやなん、ヒカルの「浮気OK」宣言を理解「全く不思議じゃないしむしろ納得」,https://news.yahoo.co.jp/articles/327014f001e96714ff607f135ac82a61dbb6ca96,9/15(月) 21:47
2025-09-16,02:06,entertainment,エンタメ,9,スポニチアネックス,矢沢永吉　35億円の詐欺被害「死ぬわけにはいかない…自分がまいた種」　借金完済までの壮絶人生語る,https://news.yahoo.co.jp/articles/c21799a2778106ba1413fd49d79357482fa5216b,9/15(月) 22:13
2025-09-16,02:06,entertainment,エンタメ,10,西スポWEB OTTO！,「印象だいぶ変わった」突然の卒業→芸能活動引退した元人気アイドル、〝3年ぶり復帰〟ママとなった最新姿に反響「元気そうで良かった」,https://news.yahoo.co.jp/articles/b7d574bc972525baa0c00500bfaf1dd64702e1b4,9/15(月) 23:30
2025-09-16,02:06,entertainment,エンタメ,11,西スポWEB OTTO！,「変わりすぎ」AKB圏外から韓国で爆発的人気メンバー〝激変〟最新ショットに驚きの声「え？この人って本田仁美なん！？」,https://news.yahoo.co.jp/articles/eebbe81967e37ecd9e6bf681b993f367dd594b6e,9/15(月) 22:40
2025-09-16,02:06,entertainment,エンタメ,12,西スポWEB OTTO！,〝美しすぎる気象予報士〟「人魚姫に見えました」ナイトプールショット「腰周りが」「キュルンです」,https://news.yahoo.co.jp/articles/75ea0b897ecaf674e622d3a1a829cf0ea58ddcaa,9/16(火) 0:30
2025-09-16,02:06,entertainment,エンタメ,13,西スポWEB OTTO！,「肩出しは反則だよー」テレ朝夕方の顔、27歳人気アナに「あざと過ぎ」「お肌つやつや」と反響,https://news.yahoo.co.jp/articles/5bb7b0ec68d0a13c9f35fe362d04ec6c7c79b1f0,9/16(火) 0:10
2025-09-16,02:06,entertainment,エンタメ,14,スポニチアネックス,細木数子さんの娘、実写ドラマ化に複雑「なんなの、これ？」「自分の母がダークヒーローって…」,https://news.yahoo.co.jp/articles/ef869e88c2e9c44cf3ec7c7ff3aa8be2ac00fb6d,9/15(月) 20:50
2025-09-16,02:06,entertainment,エンタメ,15,オリコン,『あんぱん』八木の会社に駆けつけると、そこで待っていたのは…　第122回場面カット,https://news.yahoo.co.jp/articles/ddc5723910b5ad2636f3fe65f2a7f9619f5d3147,9/15(月) 17:00
2025-09-16,02:06,entertainment,エンタメ,16,スポーツ報知,八村塁、中学で野球をやめた衝撃的な理由「イッテＱ！」で明かす…出川哲朗「やっていたら大谷翔平選手レベル」,https://news.yahoo.co.jp/articles/a823a46a2a02f0f642819614be4c92a0b93f0b7e,9/15(月) 21:30
2025-09-16,02:06,entertainment,エンタメ,17,デイリースポーツ,手塚理美　俳優の次男と北海道旅に感謝　大物俳優の元夫の面影が「ガチそっくり♥」「若い頃に似てる」との声,https://news.yahoo.co.jp/articles/f07a647959ed8ffd5cd824f12a9062fa733d33e9,9/15(月) 22:15
2025-09-16,02:06,entertainment,エンタメ,18,東スポWEB,霜降り明星・粗品　離婚した花澤香菜にスバリ「こんなんじゃだめですよ。あかんあかん」,https://news.yahoo.co.jp/articles/6c372160637792d31d91d82e5fe9c559930e5115,9/15(月) 20:31
2025-09-16,02:06,entertainment,エンタメ,19,スポニチアネックス,江口のりこ　知られざる交友関係を明かす　映画で1日だけの共演も…意気投合した芸人「気軽に誘える」,https://news.yahoo.co.jp/articles/9281b1e488d05eebfe58a89ee088db0866d47d89,9/15(月) 21:41
2025-09-16,02:06,entertainment,エンタメ,20,デイリースポーツ,社交辞令じゃなかった！「徹子の部屋」での約束が果たされる　黒柳徹子が藤井風とスイーツデート,https://news.yahoo.co.jp/articles/6f5ac3a4ee2aacfbeb2ee8135be71cddbafc7105,9/15(月) 14:31
2025-09-16,02:06,entertainment,エンタメ,21,スポニチアネックス,上沼恵美子　世界一周旅行に間もなく出発する夫への“衝撃のひと言”明かす「しらけたね～、何それ？って」,https://news.yahoo.co.jp/articles/6ff7a70ace25b6729ffb136ed008a8042d2d7066,9/15(月) 18:00
2025-09-16,02:06,entertainment,エンタメ,22,スポニチアネックス,新婚・はじめしゃちょー、妻と「不倫」について語る夜「その話はやめたほうがいい」の声には…,https://news.yahoo.co.jp/articles/f83806196ef0363427f33959b30a6fd435c24fb7,9/15(月) 22:27
2025-09-16,02:06,entertainment,エンタメ,23,ABEMA TIMES,妻・高畑充希（33）との密着ショットが話題 岡田将生（36）、ベネチアでの姿に反響「新婚旅行かと…」,https://news.yahoo.co.jp/articles/c7bdd50119d02dc25fe4a33f53d1c53fbce383bb,9/15(月) 16:45
2025-09-16,02:06,entertainment,エンタメ,24,西スポWEB OTTO！,〝生けるバービー人形〟と話題のモデルが〝すっぴん〟を披露しSNS驚愕！「とても神々しい」「笑顔がよく似合う」,https://news.yahoo.co.jp/articles/0d77a5fc1267677596f1ec897e649cf37bdfe84c,9/15(月) 23:30
2025-09-16,02:06,entertainment,エンタメ,25,スポニチアネックス,前田敦子　AKB時代に不動のセンターだった意外すぎる理由「秋元先生が実際に言っていたのは…」,https://news.yahoo.co.jp/articles/b231fd16d1b230095e983b426e331cac3238bd5f,9/15(月) 17:20
2025-09-16,02:06,entertainment,エンタメ,26,西スポWEB OTTO！,「伊東家の食卓」から28年..〝次女〟の2年ぶり夫婦デートショットに「いつ見ても男前」「美男美女ですね」の声,https://news.yahoo.co.jp/articles/87544b9b951a98be2c2dfda93d354e8252f910ce,9/15(月) 23:50
2025-09-16,02:06,entertainment,エンタメ,27,スポニチアネックス,イチロー氏「俺、ダサいな」若き日の“失敗”を赤裸々告白　「スポーツ紙の一面に載った自分を…」,https://news.yahoo.co.jp/articles/73950a1f54177acb9ca81d7c4ec8bc2dee990d6e,9/15(月) 22:46
2025-09-16,02:06,entertainment,エンタメ,28,マグミクス,『鬼滅の刃』胡蝶しのぶのコスプレイヤーが「完璧すぎ！」と話題　「息をのむ美しさ」,https://news.yahoo.co.jp/articles/369b9fcf324f8cdd824d2c6900f5bfd71999a95e,9/15(月) 17:10
2025-09-16,02:06,entertainment,エンタメ,29,オリコン,アンジャッシュ渡部建、前代未聞の“謝罪会見やり直し”　5年前は言えなかった衝撃発言連発「未来変わるぞ」,https://news.yahoo.co.jp/articles/88b4524a5d772afc686ee9cb097d6db6a814654f,9/15(月) 10:39
2025-09-16,02:06,entertainment,エンタメ,30,東スポWEB,シバター　ヒカルのオープンマリッジ宣言にキッパリ「俺から言わせりゃ可哀想なヤツだな」,https://news.yahoo.co.jp/articles/a03a4515fa20c75b6655d185a8a42dba8fac00a5,9/15(月) 18:20
2025-09-16,02:06,entertainment,エンタメ,31,スポーツ報知,「このふたり結婚したのかー！」「マジで」上白石萌音の２ショット「やばーーーーい！！」「お幸せに」大興奮の「ちはやふる」,https://news.yahoo.co.jp/articles/6f74cd1027240de1563cdd0efe2dd27cbdaff81c,9/13(土) 10:55
2025-09-16,02:06,entertainment,エンタメ,32,西スポWEB OTTO！,「え、、」ドウェイン・ジョンソン〝激やせ変貌〟ショットにファン衝撃「ロック様老けてる」「病気じゃなければいいけど」,https://news.yahoo.co.jp/articles/b5f2b06b612d933da354d3a7d7204aa99ebc0dff,9/15(月) 23:00
2025-09-16,02:06,entertainment,エンタメ,33,デイリースポーツ,フジ関東ローカルで「王様のレストラン」再放送　４０歳で急逝の名バイプレーヤーも登場,https://news.yahoo.co.jp/articles/b09d25b0c915b145b83d0bc113bba4d836a39843,9/15(月) 17:18
2025-09-16,02:06,entertainment,エンタメ,34,日刊スポーツ,松山千春が祝福、６歳年上の超大物ロック歌手「全然ファンじゃない人でも格好いいねと思える」,https://news.yahoo.co.jp/articles/a3d5719412fbd3a939039ba48b1afd12414889e3,9/15(月) 15:46
2025-09-16,02:06,entertainment,エンタメ,35,東スポWEB,花澤香菜　ラジオで小野賢章との離婚に言及「本当に〝ひとり〟か、つって！」,https://news.yahoo.co.jp/articles/aa6b9917467a84df733ab44d736babd6fb7a95b5,9/15(月) 13:45
2025-09-16,02:06,entertainment,エンタメ,36,東スポWEB,粗品　坂口健太郎と〝三角関係〟報道の永野芽郁に放言「まっだまだあるやろうからな？」,https://news.yahoo.co.jp/articles/e2e9d7db9899ab1318b7b71f6044ed003f448ba0,9/15(月) 19:45
2025-09-16,02:06,entertainment,エンタメ,37,西スポWEB OTTO！,「パヤパヤ」から38年〝スカパンク〟草分けバンドの〝再集結ショット〟が話題「ちっくしょーかっけぇなー!」「いい写真」の声,https://news.yahoo.co.jp/articles/3a12efcfd00ddf5152e1c58d9457c5d9045a790c,9/15(月) 23:50
2025-09-16,02:06,entertainment,エンタメ,38,ENCOUNT,有吉弘行、結婚は「めっちゃ楽しい」　妻・夏目三久さんとの夫婦生活に言及…共演者は羨望「めちゃくちゃいい」,https://news.yahoo.co.jp/articles/26b1247df44e444f1b27e8713b01cf3d352cd10d,9/15(月) 20:12
2025-09-16,02:06,entertainment,エンタメ,39,ELLE DIGITAL,ドバイのプリンセスとラッパーが婚約！ 意外なマッチングに注目が集まる,https://news.yahoo.co.jp/articles/6c091146a83954bba60b8ecacac4a9bdb4c5b827,9/15(月) 20:40
2025-09-16,02:06,entertainment,エンタメ,40,西スポWEB OTTO！,電撃出産の黒島結菜、糸切れぶらぶら〝衝撃〟ファッションが話題「え？え？ってビックリしました！」「ド派手な衣装ですね」,https://news.yahoo.co.jp/articles/67ab8857d1ce3ea7f89eef79b4a7a6ba8e1338a7,9/15(月) 23:10
