scrp_date,scrp_time,genre_en,genre_jp,rank,media_jp,title,link,date_original
2025-08-22,19:07,domestic,国内,1,FNNプライムオンライン（フジテレビ系）,愛子さま佳子さまも振袖で歓談…天皇皇后両陛下がアフリカ首脳招き宮中茶会「TICAD」に伴う茶会は6年ぶり,https://news.yahoo.co.jp/articles/6634ed468fc88a98fb086dece9d8ca958bcd7c96,8/22(金) 16:15
2025-08-22,19:07,domestic,国内,2,FNNプライムオンライン,「農協は残して下さい」JA組合長が直談判「組合員から必要とされるJAかどうかがすべて」小泉農水相【福岡発】,https://news.yahoo.co.jp/articles/94284d75e8029806d9ad17e23d5b2f5c1983e3a4,8/22(金) 14:01
2025-08-22,19:07,domestic,国内,3,デイリースポーツ,田崎史郎氏　万博で驚く蜜月の小泉進次郎＆吉村洋文氏→２人が「政治の師」と仰ぐ大物人物の名前　「それでずっと繋がってる。将来国を担う感じがします」,https://news.yahoo.co.jp/articles/3b625472f5773af54c074ccb1ae2e0a7e4e5a3a6,8/22(金) 14:12
2025-08-22,19:07,domestic,国内,4,読売新聞オンライン,神戸のマンションで刺殺された女性「仕事に真面目」「陽気でかわいがられるタイプ」…同僚が犯人に憤り,https://news.yahoo.co.jp/articles/81e8ff5257eab18aec94bd498ed2e834ce4f06e1,8/22(金) 11:49
2025-08-22,19:07,domestic,国内,5,スポニチアネックス,石破政権あと2年続く？首相の“指南役”自民重鎮が驚きの発言「あと2年間やってその時に…」,https://news.yahoo.co.jp/articles/1a2291231bbd8e8648bda7ea5193e340f1dcbfce,8/22(金) 15:59
2025-08-22,19:07,domestic,国内,6,共同通信,N党立花氏が泉氏を告発　市長時代の発言問題視,https://news.yahoo.co.jp/articles/3165e1628a2b8a85360a7a6743e01bf7b6b87c0b,8/22(金) 15:50
2025-08-22,19:07,domestic,国内,7,デイリースポーツ,石井亮次アナ「毎日お伝えするのは嫌だ！」学歴詐称疑惑の伊東市長騒動を１週間総まとめ　ナジャ、うんざり「違う番組にお願いしたら？」,https://news.yahoo.co.jp/articles/e72d5815fe60249a985618eccbae806cd93c8cf5,8/22(金) 15:49
2025-08-22,19:07,domestic,国内,8,スポニチアネックス,沖縄県浦添市長が異例の“注意喚起”沖縄尚学23日に決勝戦控え「社会活動がかなり低下する可能性が…」,https://news.yahoo.co.jp/articles/f8d6337bc45ebf5658ad530a9cdb9724d5e2b340,8/22(金) 15:36
2025-08-22,19:07,domestic,国内,9,日刊スポーツ,ラサール石井氏、桜井よしこ氏の南京大虐殺めぐる発言ピシャリ「証明された論文を示して」,https://news.yahoo.co.jp/articles/7aa1abfa3e573acf70e96540a023b1b13f017f91,8/22(金) 9:51
2025-08-22,19:07,domestic,国内,10,テレビ朝日系（ANN）,新型コロナ患者数 9週連続で増加 カミソリでのど切るような痛み「ニンバス」系統が流行,https://news.yahoo.co.jp/articles/efdea569244fb1f1c6fa0c0b7266ab510481a35e,8/22(金) 16:19
2025-08-22,19:07,domestic,国内,11,J-CASTニュース,ヒグマ死亡事故、被害者は登山道を「走って移動」　流行のトレラン？調査の知床財団に見立てを聞いた,https://news.yahoo.co.jp/articles/6d15197a49b31b6cb7748d4112f01b5eaae74de4,8/22(金) 18:31
2025-08-22,19:07,domestic,国内,12,共同通信,走って下山中、ヒグマに遭遇　子を守ろうと攻撃か、知床羅臼岳,https://news.yahoo.co.jp/articles/3fcdfa898ce3a837d11d0f58e5c10df36f08c9aa,8/21(木) 20:11
2025-08-22,19:07,domestic,国内,13,日刊スポーツ,豊田真由子氏、元秘書への暴言騒動“裏話”明かす「実は週刊誌の元記者で…」,https://news.yahoo.co.jp/articles/87051e8141f7eb0291c06564c557f54db75a06d0,8/22(金) 10:57
2025-08-22,19:07,domestic,国内,14,テレビ朝日系（ANN）,階段で1階まで“慌てる様子なく”男は20～30代か　神戸マンション女性刺殺,https://news.yahoo.co.jp/articles/15b685e8591b64bf8976268bd80da5c3d808e882,8/22(金) 1:51
2025-08-22,19:07,domestic,国内,15,産経新聞,SNSで除草剤の評判落ちた　ネガティブ投稿者に「名誉棄損」で賠償命令　抑止力になるか,https://news.yahoo.co.jp/articles/539c50450d12260f74c900a5d8c465cf8bfe01b7,8/22(金) 17:43
2025-08-22,19:07,domestic,国内,16,SlowNews／スローニュース,「さいたまミステリー」！ 浦和の街中でなぜ高濃度のPFAS汚染が？ その原因を探ってみると…,https://news.yahoo.co.jp/articles/a46696724ae24cf12198d2cf42e14bae6b780054,8/22(金) 17:01
2025-08-22,19:07,domestic,国内,17,MBC南日本放送,【台風のたまご=熱帯低気圧】次の台風発生へ 日本への影響は 気になる進路は 気象庁の進路予想【雨風シミュレーション23日（土）〜9月1日（月）】「台風12号は九州の東で熱帯低気圧に変わる」台風情報2025,https://news.yahoo.co.jp/articles/6ff13ec0836fa9564d3cc15cf51ee00117db8757,8/22(金) 11:49
2025-08-22,19:07,domestic,国内,18,弁護士ドットコムニュース,「国へ帰れ」と迫られても…フィリピン帰国拒むトランス女性、「難民認定」求めて法廷に立つ,https://news.yahoo.co.jp/articles/855f83a0220a4b77c76c0420145f71137fac7500,8/22(金) 10:29
2025-08-22,19:07,domestic,国内,19,TBS NEWS DIG Powered by JNN,“カミソリを飲んだ”痛み…新型コロナ「ニンバス」が流行 酷暑も影響か　受診のタイミングは?【ひるおび】,https://news.yahoo.co.jp/articles/36a734492a50180a3aef8f694ac0d4ca253bf134,8/21(木) 16:44
2025-08-22,19:07,domestic,国内,20,FNNプライムオンライン,病院屋上になぜF-86戦闘機が? 「初代ブルーインパルス」に込められた日米平和の物語【静岡市葵区】,https://news.yahoo.co.jp/articles/85cf78a710fba1758549f76f45aad6e1985bedde,8/22(金) 17:27
2025-08-22,19:07,domestic,国内,21,日刊スポーツ,「楽しくないというならそんなに引き留めてませんよ」石破首相の発言うけ八代英輝弁護士がチクリ,https://news.yahoo.co.jp/articles/8ce922a9fbcbb0de2f39136bc6f2b98c5668e95b,8/22(金) 15:46
2025-08-22,19:07,domestic,国内,22,中日スポーツ,「頭おかしいな」 ホリエモン堀江貴文さん、物議を呼ぶ『スマホ１日２時間』条例案を一刀両断,https://news.yahoo.co.jp/articles/87c4e784783b867498fc5ec09057d87d7a65ec05,8/22(金) 13:30
2025-08-22,19:07,domestic,国内,23,毎日新聞,万博帰宅困難トラブル、1.1万人が朝まで滞留　試算結果公表,https://news.yahoo.co.jp/articles/bbdbe9618f2b4f4bd194a405b7ccbaf983ed2e3a,8/22(金) 12:46
2025-08-22,19:07,domestic,国内,24,テレビ朝日系（ANN）,東京・大田区で火事　現場は住宅が密集　やけどで1人搬送　【情報更新】,https://news.yahoo.co.jp/articles/1766651a703ca1ccd77dabae34e75a32a0c846c9,8/22(金) 17:18
2025-08-22,19:07,domestic,国内,25,FNNプライムオンライン,「戦争神経症」戦場体験で心を病み　復員した父に虐待された女性「許していない」　戦後80年も”父の写真直視できず”「許す旅」で触れた父の苦しみ,https://news.yahoo.co.jp/articles/97e4a687c1b2f4b2a3e333a376161a011fea49fc,8/15(金) 19:01
2025-08-22,19:07,domestic,国内,26,東海テレビ,「燃料減っていて借りるつもりだった」消防車に入れる軽油を“自家用車”へ 消防署勤務の55歳職員を懲戒免職,https://news.yahoo.co.jp/articles/93f69430f8ff6de9dde93898afa3983324ee5338,8/15(金) 19:22
2025-08-22,19:07,domestic,国内,27,TBS NEWS DIG Powered by JNN,暴力行為処罰法違反の疑いで逮捕された「中核派全学連」の女性2人を不起訴　東京地検,https://news.yahoo.co.jp/articles/653b87ab03b4469f3fc3cc0a834f597a8a2dee1e,8/22(金) 18:25
2025-08-22,19:07,domestic,国内,28,弁護士JPニュース,「お金がもつか不安」“奨学生”の9割以上が物価上昇で「食費」に苦しむ事態が判明,https://news.yahoo.co.jp/articles/5b21ff23502f2655abdda0b3d92367ff807954a6,8/22(金) 18:00
2025-08-22,19:07,domestic,国内,29,ABEMA TIMES,東京・大田区の店舗兼住宅で火事 ポンプ車17台出動 武蔵新田駅近く,https://news.yahoo.co.jp/articles/2019cff5fbf5f1ed1f74c411f6c1db1f94a6c837,8/22(金) 17:36
2025-08-22,19:07,domestic,国内,30,J-CASTニュース,「やめてくれ...」鉄道敷地内に若い女性が座り込み　東武東上線がラッシュ時に1時間半ストップ、大混乱に,https://news.yahoo.co.jp/articles/96e11ea5064d593bb4eac7697a43c7d4bbcf2157,8/20(水) 18:13
2025-08-22,19:07,domestic,国内,31,共同通信,神戸の女性殺害事件、男を逮捕　30代、殺人容疑,https://news.yahoo.co.jp/articles/75a4f6e2c7dca67ccf8ff9f82ed47d8805d32418,8/22(金) 17:40
2025-08-22,19:07,domestic,国内,32,日テレNEWS NNN,【速報】高速道路で設備点検作業中に落下　男性死亡　神奈川・厚木市,https://news.yahoo.co.jp/articles/503128392a30ebe9d98addddcbaafde5d5c00bc6,8/22(金) 18:25
2025-08-22,19:07,domestic,国内,33,デイリースポーツ,ネット大荒れ「脅しだろ」「正々堂々名前出してやれ」石破おろし→総裁選要求したら氏名公表案に賛否殺到「いい踏み絵だｗ」「記名怖いなら自民終わり」「反対側も分かる」「悪知恵」,https://news.yahoo.co.jp/articles/57378d9b3312499cb4d864dffb62054abb433db2,8/21(木) 21:18
2025-08-22,19:07,domestic,国内,34,弁護士JPニュース,LINEヤフー「出社回帰」にザワつく世間　リモートだから入社したのに「話が違う」…企業の“方針転換”に法的問題は？【弁護士解説】,https://news.yahoo.co.jp/articles/c3cd67c950aa7091fd94c3c17bc23234fec17afc,8/22(金) 10:20
2025-08-22,19:07,domestic,国内,35,毎日新聞,神戸マンション女性殺害事件　30代男性を殺人容疑で逮捕,https://news.yahoo.co.jp/articles/87e6987f0ea63dfcaeb420d7e0b1aeca0cc4d626,8/22(金) 18:41
2025-08-22,19:07,domestic,国内,36,毎日新聞,大学教授が群馬の建設会社を地検に告発　自民支部に上限超え寄付容疑,https://news.yahoo.co.jp/articles/f6699643acf299efc52dba911c83ce7b26f04c6d,8/22(金) 17:01
2025-08-22,19:07,domestic,国内,37,読売新聞オンライン,六代目山口組と池田組の抗争、終結しておらず…「特定抗争指定暴力団」の指定を延長,https://news.yahoo.co.jp/articles/d7282d15ceeef562140e98d741ff7c4781339c1b,8/22(金) 15:40
2025-08-22,19:07,domestic,国内,38,時事通信,石破首相、マラソン会談終了　アフリカ首脳ら34人と,https://news.yahoo.co.jp/articles/45e098d5b25498920ffd36175b74a922fdb0c954,8/22(金) 15:37
2025-08-22,19:07,domestic,国内,39,スポーツ報知,「現在の１、２年生による暴力やいじめなどがないことを確認」…広陵高校・中井哲之監督「退任」…「ＴＨＥ　ＴＩＭＥ，」が報じる,https://news.yahoo.co.jp/articles/1473f961b30c69b1aef843d9853eb1c43be173fe,8/22(金) 8:08
2025-08-22,19:07,domestic,国内,40,朝日新聞,日本郵便、バイクなど二輪でも不適切な点呼　全国の郵便局の6割で,https://news.yahoo.co.jp/articles/32ff6f742a6cc0f807bb49ea46dd96265da43670,8/22(金) 15:15
