scrp_date,scrp_time,genre_en,genre_jp,rank,media_jp,title,link,date_original
2025-09-22,14:07,TTL,総合,1,日刊スポーツ,元俳優の人気ラーメン店店主が死去　親友・寺島進が追悼「放心状態な俺は…」,https://news.yahoo.co.jp/articles/ca6725f48c3fe800560f815490096133f0c644ee,9/22(月) 10:38
2025-09-22,14:07,TTL,総合,2,ITmedia ビジネスオンライン,最高益だが客離れ……CoCo壱、“物議の値上げ”は成功か失敗か？,https://news.yahoo.co.jp/articles/88511065930d7c4a33ab07138a47e6fb31fb1cf1,9/22(月) 5:10
2025-09-22,14:07,TTL,総合,3,CoCoKARAnext,「普通じゃない！」英女子選手らが訴えた“サブトラック問題”　国立競技場から移動約3キロの環境に噴出した不満「ふさわしくない」【東京世界陸上】,https://news.yahoo.co.jp/articles/8cbc8a444a362bd78b0cb90a695e0e8adc33a39b,9/22(月) 11:01
2025-09-22,14:07,TTL,総合,4,東スポWEB,大谷翔平に許された〝二刀流特例〟に「各球団が不満」と不穏報道…「予見できた」と反論も,https://news.yahoo.co.jp/articles/2346567be2532ed83b8c7c18143bdfb527fbb5d8,9/22(月) 12:31
2025-09-22,14:07,TTL,総合,5,ENCOUNT,「やられたわ」　竹原慎二、高額な駐車場代に呆然…驚きの金額に「こわ～っ」「エゲツない」の声,https://news.yahoo.co.jp/articles/59ce47a7095319c5db96473663023f027a2d4f12,9/22(月) 8:39
2025-09-22,14:07,TTL,総合,6,ENCOUNT,「俺の商売道具に傷つけたな」元ジャニーズJr.が“悪童”に殴られ流血…ブチギレ　ネットも驚き「え、ぱっくりやん」,https://news.yahoo.co.jp/articles/64b98849abaea404985e54d890a03fc1ebc3ed01,9/22(月) 10:48
2025-09-22,14:07,TTL,総合,7,ねとらぼ,中2娘の体操服を洗い終えた母が、洗濯機を見たら……　「えっ！」目を疑う異物に仰天　「なぜ？」「どこから持って来たの」,https://news.yahoo.co.jp/articles/8ae5651226dd8d0c96aabcb1fc3f5a30f6052243,9/22(月) 8:00
2025-09-22,14:07,TTL,総合,8,Finasee,「なぜ自分を捨てた親の尻拭いを？」母と生き別れ35年、突然発生した相続税の申告義務に41歳男性が抱いた怒り,https://news.yahoo.co.jp/articles/2098915de27f141b749d75f337a761d3dd13d9f8,9/22(月) 11:52
2025-09-22,14:07,TTL,総合,9,デイリースポーツ,春風亭昇太「笑点」で前代未聞のミスやらかす　大喜利席からヤジ止まらず「急ぎの用でもあるんですかｗ」,https://news.yahoo.co.jp/articles/384ec7622c6440a4f6b5708d5635f8b88ebbee15,9/22(月) 11:45
2025-09-22,14:07,TTL,総合,10,日刊スポーツ,元俳優の人気ラーメン店店主が死去、勝村政信が悔やみ「突然いなくなりました」,https://news.yahoo.co.jp/articles/ce7bc23d9a7184139c78cd51c8c47d2938cf612d,9/22(月) 12:10
2025-09-22,14:07,TTL,総合,11,スポーツ報知,「麻生さんの動向によっては減る可能性がある」田崎史郎氏が前回から唯一「減」と予想した候補者…自民党総裁選きょう告示,https://news.yahoo.co.jp/articles/6e4171bf9df172cb0d436473b4b222961659201b,9/22(月) 9:55
2025-09-22,14:07,TTL,総合,12,Full-Count,佐々木朗希のメジャー復帰が内定　3Aで2戦連続無失点、指揮官「必要なことをやった」,https://news.yahoo.co.jp/articles/46762d7e48d36407ec0b2e3157c23d9a46d833ee,9/22(月) 8:15
2025-09-22,14:07,TTL,総合,13,スポーツ報知,山口真由氏、月曜コメンテーター「モーニングショー」卒業…羽鳥慎一アナが発表「７年間は本当に幸せな時間でした」,https://news.yahoo.co.jp/articles/689276d099a7de5f5be4d7a2d8b9b66cd765434b,9/22(月) 10:15
2025-09-22,14:07,TTL,総合,14,日刊スポーツ,シード争い渋野日向子に無情の大会打ち切り…第1R首位と4打差の好発進も年間ポイント稼げず,https://news.yahoo.co.jp/articles/922a0a40c33aac99b33fb3324847e3a008ba6764,9/22(月) 10:43
2025-09-22,14:07,TTL,総合,15,Full-Count,ドジャースの試合中発表が「本当にすごい」　ファンが指摘した“大谷効果”「うおおお」,https://news.yahoo.co.jp/articles/9e20c61b4717f914a46c067b46a1d014969c42a2,9/22(月) 10:01
2025-09-22,14:07,TTL,総合,16,東スポWEB,みちょぱ「有吉の夏休み」野呂佳代〝体形イジリ〟批判に怒り「フワ帰って来いよ、お願いだから」,https://news.yahoo.co.jp/articles/f9e28a3878fbb5251df515ed00fc8ea70c0eddae,9/21(日) 23:40
2025-09-22,14:07,TTL,総合,17,RONSPO,もうバトン技術は通用しない？なぜ世陸の男子4×100mでリレー侍は6位に惨敗しメダルに届かなかったのか…足がつってブレーキとなった桐生祥秀だけではない「明確な理由」とは？,https://news.yahoo.co.jp/articles/f46d4a6578452f3a30ab45c975c166930324099f,9/22(月) 7:33
2025-09-22,14:07,TTL,総合,18,チューリップテレビ,【台風情報】非常に強い台風19号　週明けも “非常に強い” 勢力を維持か…今後の進路?勢力は?【雨と風のシミュレーション】,https://news.yahoo.co.jp/articles/d4d6da30f0f1395314448af9ccc9e429d9400677,9/22(月) 0:05
2025-09-22,14:07,TTL,総合,19,スポニチアネックス,マリナーズ　ローリーの球団新58号などで4連勝！イチロー在籍した01年以来24年ぶり地区VへM3に,https://news.yahoo.co.jp/articles/5e80815c355131307c60f3bebea2389af31c43dc,9/22(月) 11:06
2025-09-22,14:07,TTL,総合,20,オリコン,トヨタ・豊田章男会長、インスタ“公開ダメ出し”→“即時対応”に感謝「やっぱりセンチュリーはセンターがいい」,https://news.yahoo.co.jp/articles/efef0e20819d06725ef15ad17604a72302269c2b,9/22(月) 11:38
2025-09-22,14:07,TTL,総合,21,弁護士ドットコムニュース,フォロワー20万人のTikTok配信者2人に有罪、ガソスタ店員を「ドッキリ動画」で車内に閉じ込め…裁判官「身勝手なもの」,https://news.yahoo.co.jp/articles/e866b3be6d0fce0f206ea499b490b74a87d5a7ef,9/22(月) 9:58
2025-09-22,14:07,TTL,総合,22,シネマトゥデイ,トム・ホランドが救急搬送　『スパイダーマン』撮影中にスタント失敗,https://news.yahoo.co.jp/articles/0507bd97afd33d795608b39bf0897e9160eb93c8,9/22(月) 10:39
2025-09-22,14:07,TTL,総合,23,スポーツ報知,「３年後くらいにはキスしたい」高橋成美さん　思いを寄せる「人気アイドルＫ」を実名告白し騒然「ずっと好き」,https://news.yahoo.co.jp/articles/04dcf501ebcddfaa181961ef4a872b08f6503f7e,9/22(月) 11:25
2025-09-22,14:07,TTL,総合,24,ねとらぼ,iPhone機種変更で家電量販店へ→店員「……!?」　手続き中に驚かれた“まさかの光景”が300万表示　「びっくり」「負けた」,https://news.yahoo.co.jp/articles/f1c7ff2962a538975194f7d1e8a1b6e28dfaeec1,9/22(月) 12:15
2025-09-22,14:07,TTL,総合,25,東スポWEB,【世界陸上】メダル逃した男子400ｍリレー　首脳陣が桐生祥秀を起用の理由説明「そのままが最善」,https://news.yahoo.co.jp/articles/4cffa2d659957b6fb62abd5c429fed7c9f7a1859,9/22(月) 5:16
2025-09-22,14:07,TTL,総合,26,東スポWEB,ドジャース・ロバーツ監督　また継投失敗に米メディア疑問「不可解な選択」「何とトライネン」,https://news.yahoo.co.jp/articles/0f2514f2b87f3d8a0e6a6f79717ea10f3729e905,9/22(月) 10:55
2025-09-22,14:07,TTL,総合,27,毎日新聞,元妻ら殺人未遂　元プロ棋士が起訴内容を否認　大津地裁初公判,https://news.yahoo.co.jp/articles/689f9aad57badc4230f7c567c7346ead6f04ba38,9/22(月) 10:40
2025-09-22,14:07,TTL,総合,28,ゲキサカ,上田綺世と渡辺剛に“つねる”“引っ掻く”執拗な悪質行為…元オランダ代表ら21歳DFを猛批判「常軌を逸している」「愚かな行動」,https://news.yahoo.co.jp/articles/cf8e790efec15183f53b05a70b4c92310b68e92b,9/22(月) 11:42
2025-09-22,14:07,TTL,総合,29,スポニチアネックス,ノブ　夏休みに韓国で「3日間フルでカジノ」　100万円を手に「ほぼ寝ずに」やった結果に大悟衝撃,https://news.yahoo.co.jp/articles/5df59750f15a90c61b2b45e6aa33006c65dc2d30,9/22(月) 6:50
2025-09-22,14:07,TTL,総合,30,Web LEON,「え？ これ本当に食べるの？」 イタリア人が衝撃を受けた日本の料理5選,https://news.yahoo.co.jp/articles/b1b098cbe545c8953d18d784c535021549063418,9/22(月) 11:00
2025-09-22,14:07,TTL,総合,31,Full-Count,ドジャースが本拠地最終戦で逆転負け…4連勝でストップ　救援陣が誤算、大谷は9試合連続安打,https://news.yahoo.co.jp/articles/c499c6a64126a08980e55af7d6013c22d9a0561c,9/22(月) 7:37
2025-09-22,14:07,TTL,総合,32,日刊スポーツ,大谷翔平の初のポストシーズン二刀流出場で「他球団は不公平だと憤っている」と米名物記者伝える,https://news.yahoo.co.jp/articles/c984394f8683598c67ddadfa60d428f5be4e5439,9/22(月) 12:43
2025-09-22,14:07,TTL,総合,33,ほ・とせなNEWS,回転寿司に来た1歳娘と父。注文しようとすると…娘の行動に「将来結婚式で流してほしいw」「え、尊い」「涙出ました」,https://news.yahoo.co.jp/articles/0eb681c8632d1b0d18201c2ecddca6bd8c800716,9/21(日) 18:00
2025-09-22,14:07,TTL,総合,34,毎日新聞,原付きツーリングのはずが…　変わる「令和の暴走族」の実態,https://news.yahoo.co.jp/articles/a7c8ecaa9de9635a6891afc2e6e7a6d544ab420f,9/22(月) 7:00
2025-09-22,14:07,TTL,総合,35,LIMO,【後期高齢者医療制度】2025年10月から「2割負担」への配慮措置が終了！医療費が高くなる人とは,https://news.yahoo.co.jp/articles/5e07c5d19dc9e54f2e34b35468c1d9eb33b6f7da,9/22(月) 11:51
2025-09-22,14:07,TTL,総合,36,ファイナンシャルフィールド,近所のイオンは駐車場が「2時間無料・以降30分200円」です。夫が「出庫してもう一度入庫すればタダ」と言うのですが、これって“マナー違反”ですよね？,https://news.yahoo.co.jp/articles/7c655f127a64576ac2d93c85bfbbfc41c64da234,9/20(土) 13:30
2025-09-22,14:07,TTL,総合,37,読売新聞オンライン,消費者金融４社、「債務整理」巡り弁護士と司法書士全国団体に意見書…依頼者との面談怠り手続きと指摘,https://news.yahoo.co.jp/articles/f14e817618130a3a09eecf3e77d7ccd895db549b,9/22(月) 7:04
2025-09-22,14:07,TTL,総合,38,スポニチアネックス,ド軍指揮官　大谷翔平にグラミー賞4度受賞の大物歌手を紹介していた「翔平を呼び出して楽しみました」,https://news.yahoo.co.jp/articles/2347d23dc26adc3108ea3a1b6952c7922abdd5db,9/22(月) 13:03
2025-09-22,14:07,TTL,総合,39,大手小町（読売新聞）,「シフトに入らないのはわがままな働き方なの？」VS「権利と制度をフル活用する社員がいると迷惑」子持ちママ社員優遇、しわ寄せフォロー同僚の不満…泥沼化に解決策はあるのか？,https://news.yahoo.co.jp/articles/c84dbb664e954a95461a505a91b61d5d419a038a,9/22(月) 11:42
2025-09-22,14:07,TTL,総合,40,ファイナンシャルフィールド,旅行でホテルを予約した際に宿泊費「8000円」を支払ったのに、当日ホテルで「予約が入っていない」と言われました。この場合、支払った8000円は戻ってくるのでしょうか？,https://news.yahoo.co.jp/articles/4014e0aa7a10b14b597e251f54189e47278b6360,9/22(月) 13:20
