scrp_date,scrp_time,genre_en,genre_jp,rank,media_jp,title,link,date_original
2024-09-23,06:05,world,国際,1,朝鮮日報日本語版,IBMも鼎泰豊も中国から撤退…海外資本の大脱走が再燃,https://news.yahoo.co.jp/articles/dcf5f329e1c02ae64a3c5d0990b7fae91320fc99,9/22(日) 11:13
2024-09-23,06:05,world,国際,2,中央日報日本語版,中国の女性官僚、部下職員５８人と性関係持ち６０００万元のわいろ,https://news.yahoo.co.jp/articles/2b99039497185943589af5973b0d2bf92d0e8b90,9/22(日) 12:59
2024-09-23,06:05,world,国際,3,KOREA WAVE,「慰安婦は強制ではなかった」韓国・大学教授の発言に学生ら騒然,https://news.yahoo.co.jp/articles/2b5d5161a419899f831f54d22041c7ea082a3b71,9/22(日) 12:03
2024-09-23,06:05,world,国際,4,産経新聞,中国SNS「日本でも中国人狙った事件多い」　根拠ない投稿で深圳の男児刺殺を矮小化,https://news.yahoo.co.jp/articles/e1d13e308789779ab86dc58c67c77046fbb6fea7,9/22(日) 18:17
2024-09-23,06:05,world,国際,5,テレビ朝日系（ANN）,なぜ狙われた？中国で日本人男児（10）死亡　少しずつ分かってきた“容疑者の人物像”,https://news.yahoo.co.jp/articles/5d4a2f3b959c11daa9885c5faf7ab8bdc5ba490c,9/20(金) 20:09
2024-09-23,06:05,world,国際,6,共同通信,日本の総合力4位に低下、豪調査　アジア太平洋、インドに抜かれる,https://news.yahoo.co.jp/articles/68a9a0b698e57e1acc50bdddd33683ace060d56d,9/22(日) 21:30
2024-09-23,06:05,world,国際,7,FNNプライムオンライン,「お前はゴミ、オレは神だ!」店員に割引強要し殴ったのは公務員…職権乱用でやりたい放題　SNSで批判殺到、停職処分に　中国,https://news.yahoo.co.jp/articles/1b7d0563a4ce621cffe810932a465a6a2b3d3d77,9/22(日) 14:02
2024-09-23,06:05,world,国際,8,朝鮮日報日本語版,韓国を「生まれてみたら先進国」に押し上げた真の英雄は誰か【寄稿】,https://news.yahoo.co.jp/articles/2f38897e1a9b9a7d3138f34ba04ac8dfee0751a9,9/22(日) 11:25
2024-09-23,06:05,world,国際,9,時事通信,中国、水産物禁輸で「誤算」　風評被害で反発拡大,https://news.yahoo.co.jp/articles/11ed3f082f517c62b686527ca0b5758b96ca0403,9/21(土) 7:05
2024-09-23,06:05,world,国際,10,朝鮮日報日本語版,中国人255万人が韓国の健康保険を利用…健保公団からの給付額は1兆ウォン超,https://news.yahoo.co.jp/articles/c997759dfdde51e25a6963ceb2dba2dfa335a466,9/21(土) 15:05
2024-09-23,06:05,world,国際,11,産経新聞,ウクライナ、新たにロシア弾薬庫2カ所を攻撃　ゼレンスキー氏「戦争終結早める」,https://news.yahoo.co.jp/articles/4508aac73f7c7390b0b7fe51d0d262f584ab704a,9/22(日) 8:53
2024-09-23,06:05,world,国際,12,共同通信,米退役軍人ら「ハリス氏支持」　7百人超「民主主義守る」,https://news.yahoo.co.jp/articles/87ed94bdc648cc704efde2de95df3583fc8b60db,9/23(月) 5:22
2024-09-23,06:05,world,国際,13,KOREA WAVE,“露天トイレ”も驚きだが…そこで用を足した韓国女性の姿に騒然,https://news.yahoo.co.jp/articles/e863478923e3974bb81cd50adb131653f0b6510b,9/19(木) 20:03
2024-09-23,06:05,world,国際,14,聯合ニュース,朝鮮大学生　北朝鮮での「卒業旅行」終え日本へ,https://news.yahoo.co.jp/articles/9cc9558134c1e51b7be4936a3347c38ced232dbb,9/22(日) 14:05
2024-09-23,06:05,world,国際,15,CNN.co.jp,「消えた大公子」、カスパー・ハウザーの謎を解明　新たなＤＮＡ分析が決め手に,https://news.yahoo.co.jp/articles/4eee2b227e24168e2c4cebc30328df625e5529ea,9/22(日) 13:05
2024-09-23,06:05,world,国際,16,中央日報日本語版,「機内でこれを食べないでください」…乗務員だけが知っている「汚い秘密」,https://news.yahoo.co.jp/articles/c12c97bff7ab33d6504627785c9a10b8e708084b,9/19(木) 8:03
2024-09-23,06:05,world,国際,17,産経新聞,自民総裁選「米国が警戒するのはこの人」知日派評論家ハリス氏指摘　安倍元首相の伝記著者,https://news.yahoo.co.jp/articles/7f5c8785d7ef3fabc9298dc632d599ed15eecf48,9/17(火) 11:01
2024-09-23,06:05,world,国際,18,共同通信,ウクライナ、ロシアの弾薬庫攻撃　火災発生、一つは「兵たんの鍵」,https://news.yahoo.co.jp/articles/a897f35fa94402179bcb27bb356327ec2eda8b84,9/22(日) 6:39
2024-09-23,06:05,world,国際,19,朝鮮日報日本語版,中国が日本産水産物の輸入規制緩和…韓国政府「我々は検討していない、妥協しない」,https://news.yahoo.co.jp/articles/ea571da221a15d7292e932f7dca46a839f513e16,9/21(土) 10:45
2024-09-23,06:05,world,国際,20,ＡＦＰ＝時事,無人機攻撃受け炎上するロシアの武器庫 衛星画像公開,https://news.yahoo.co.jp/articles/80fd0fc0edf531377ad133459193cb5e31a25a9f,9/19(木) 19:43
2024-09-23,06:05,world,国際,21,KOREA WAVE,「日本語のわいせつ映像、出演の女性、妻かも」…韓国でなぜか相次ぐ「分析を頼む夫」,https://news.yahoo.co.jp/articles/27ccbef2f44316febf004b8735c1bdd7312416db,9/18(水) 5:03
2024-09-23,06:05,world,国際,22,BuzzFeed Japan,「まさかこんなことになるとは…」トランプ氏の虚偽発言、発端はある女性の投稿か。後悔を口に,https://news.yahoo.co.jp/articles/9bb6dac1214b7b0b6e6bd4e0702b8ad522f45013,9/22(日) 6:00
2024-09-23,06:05,world,国際,23,時事通信,有事展開力「中国が米しのぐ」　昨年と逆転、警戒感示す　豪研究所,https://news.yahoo.co.jp/articles/5d2c4871c0b949864e6187d8e06e766db8ef2250,9/22(日) 21:39
2024-09-23,06:05,world,国際,24,テレビ朝日系（ANN）,ロシア・動員から2年　妻らが帰還を訴え　拘束者も,https://news.yahoo.co.jp/articles/bfc07b52156813e8636835df7ace0de15bb239ea,9/22(日) 1:12
2024-09-23,06:05,world,国際,25,BUSINESS INSIDER JAPAN,「生活の質」が高い国トップ10 [2024年版]（海外）,https://news.yahoo.co.jp/articles/8746a1afb32e62812a0bb7cd1a74dee42574e1bb,9/22(日) 8:10
2024-09-23,06:05,world,国際,26,共同通信,滑空爆弾「1日120発」　ロシア領800平方キロ保持と英,https://news.yahoo.co.jp/articles/43a28dc7be6c4b4ad3ec1c24264394aa5ba12a88,9/16(月) 6:23
2024-09-23,06:05,world,国際,27,BUSINESS INSIDER JAPAN,宇宙飛行士は地球にいる人々よりも歳を取るのが遅い…その理由を解説（海外）,https://news.yahoo.co.jp/articles/a2543a212784f752a60f9bde1abb7e5ca7679d90,9/22(日) 20:00
2024-09-23,06:05,world,国際,28,テレビ朝日系（ANN）,英首相官邸の「ネズミ捕獲長」ラリーに“ライバル”？ 新たなネコが首相家族に加わる,https://news.yahoo.co.jp/articles/a9dcaae84e2153cb01db1bcb5d45c116cedf23f2,9/22(日) 22:40
2024-09-23,06:05,world,国際,29,産経新聞,朝鮮大学校生が北への〝修学旅行〟終え帰国　コロナ禍明け「第1陣」、高位幹部と面談も,https://news.yahoo.co.jp/articles/b3d4d9b6b4126f0ba78d8fe98c503936c8a945d2,9/22(日) 1:02
2024-09-23,06:05,world,国際,30,中央日報日本語版,「体調不良」と言った女性乗務員、乗客の前で突然死亡＝イタリア,https://news.yahoo.co.jp/articles/318c09e4ccf904330ecb202cc8ede4417d6a7be3,9/20(金) 8:12
2024-09-23,06:05,world,国際,31,CNN.co.jp,わずか５０人のパイロットのみが許される、着陸困難な空港とは,https://news.yahoo.co.jp/articles/72c1981adec726d919b32cadeb2abe77619568fc,9/21(土) 19:50
2024-09-23,06:05,world,国際,32,朝鮮日報日本語版,石焼きビビンパが中国の文化遺産に指定…韓国外交部「歴史歪曲、断固として対応」,https://news.yahoo.co.jp/articles/b2af08c646d2bf989b7f28dba6750bb824830692,9/21(土) 10:55
2024-09-23,06:05,world,国際,33,読売新聞オンライン,プーチン大統領、無人機１４０万機が納入予定と表明…「現代の戦闘に不可欠」と昨年の１０倍規模,https://news.yahoo.co.jp/articles/6fff20258f4331ab7858db7ef8593d8241bcab56,9/20(金) 10:05
2024-09-23,06:05,world,国際,34,毎日新聞,英キャサリン妃のがん報道　「パパラッチ」が抑制的な理由,https://news.yahoo.co.jp/articles/c46097fae2c08e0aedac31da5a2294f1334d43e0,9/22(日) 8:00
2024-09-23,06:05,world,国際,35,テレビ朝日系（ANN）,ドイツ　ベルリン近郊の州で議会選　与党が第1党か　勢い増す極右政党は僅差で2位か,https://news.yahoo.co.jp/articles/256e536643723303d64444c6716007e82b85de9d,9/23(月) 5:06
2024-09-23,06:05,world,国際,36,ＡＦＰ＝時事,イラクの親イラン連合体、イスラエルに無人機攻撃と発表,https://news.yahoo.co.jp/articles/403fe50c84e27ca0a7cd9a040d80c8802d8efd53,9/22(日) 16:58
2024-09-23,06:05,world,国際,37,BuzzFeed Japan,海で撮影された奇跡の一枚が、切ないと話題。巨大クジラと写っていたものに、SNSがざわつく（アメリカ）,https://news.yahoo.co.jp/articles/8c71b23ff9b46e488f57ad1b553c020eced67122,9/20(金) 6:00
2024-09-23,06:05,world,国際,38,FNNプライムオンライン,「この野郎!」逆走衝突女が逆ギレして子どもの目の前で運転手をボコボコに…SNSで拡散後、女の車が“観光スポット化”　中国・山東省,https://news.yahoo.co.jp/articles/35308c7f3f718c68dd3360df3d98241b50daa1b2,9/14(土) 13:32
2024-09-23,06:05,world,国際,39,読売新聞オンライン,中国の男児刺殺「数年前から、いつ起きてもおかしくない状況」,https://news.yahoo.co.jp/articles/18748cb21fca7160de9961a7eaf1e2995180504c,9/20(金) 13:21
2024-09-23,06:05,world,国際,40,BUSINESS INSIDER JAPAN,世界最高の国ランキング・トップ10 [2024年版]（海外）,https://news.yahoo.co.jp/articles/4ace60cd3ca22312c6e610235c91ce7dd36e7986,9/19(木) 20:00
