scrp_date,scrp_time,genre_en,genre_jp,rank,media_jp,title,link,date_original
2024-11-01,03:08,business,経済,1,ファイナンシャルフィールド,友人にゴルフのため、車を出してもらいました。お礼に「1000円のランチ」をおごったのですが、後日「ガソリン代や高速代を渡すべき」と知りビックリ！ お礼って実際どうすべきなのでしょうか…？,https://news.yahoo.co.jp/articles/e36e7216e86c06bafe6a26ee04d5b1d948e4e646,10/29(火) 14:10
2024-11-01,03:08,business,経済,2,ITmedia ビジネスオンライン,船井電機「給料払えません。即時解雇です」　社員が気づけなかった「3つ」の危険信号,https://news.yahoo.co.jp/articles/d7ab3b146edf52e13b570e3c3c933e7e75f40c5c,10/30(水) 7:10
2024-11-01,03:08,business,経済,3,食品新聞,カルビー「じゃがりこ　サラダ」（57g）約2万1900個を自主回収,https://news.yahoo.co.jp/articles/4e688c1ec3493872c6ffa694242f44ab28988057,10/29(火) 18:59
2024-11-01,03:08,business,経済,4,みんかぶマガジン,オワコン「札幌ドーム」最終年より観客動員数が爆増中！日ハム「エスコンフィールド」なぜこんなに差が…試合がなくても稼げる「驚きの理由」,https://news.yahoo.co.jp/articles/7154e263527171f1ac2f0572368f8732a86eff9e,10/30(水) 9:10
2024-11-01,03:08,business,経済,5,乗りものニュース,「儲からない、撤退したい」な食堂車に“復活”の兆し なぜ廃れ、なぜいま再注目されるのか,https://news.yahoo.co.jp/articles/7704f7897cf864a6384d779570a3af1b24fa9e36,10/31(木) 7:42
2024-11-01,03:08,business,経済,6,食品産業新聞社ニュースWEB,『スターバックス福袋 2025』発表、帆布素材の丸みのあるトートバッグ・福袋限定ステンレスボトル・ドリンクチケット・コーヒー豆引換券など詰め合わせ、11月5日エントリー開始,https://news.yahoo.co.jp/articles/ff9bba53821e239e9aed36310ba68c4c9beb5b03,10/30(水) 17:00
2024-11-01,03:08,business,経済,7,東海テレビ,アイシンは純利益が9割近く減る…トヨタグループの5社が上半期の決算で減収減益 中国市場での価格競争激化等で,https://news.yahoo.co.jp/articles/77b1006bf9685551998bd74582cd36dce358ab2c,10/31(木) 22:35
2024-11-01,03:08,business,経済,8,帝国データバンク,11月の食品値上げ282品目　11カ月ぶりに前年上回る　2025年の値上げ予定、1000品目を突破　24年を上回るペース,https://news.yahoo.co.jp/articles/47c2ade64bd1f374d66bd5a42401db0a5698fe67,10/31(木) 9:00
2024-11-01,03:08,business,経済,9,LIMO,【65歳以上の無職夫婦】1ヵ月の生活費にいくらかかってる？「生活費の内訳・モデル年金額・平均貯蓄額」をチェック,https://news.yahoo.co.jp/articles/9903802ecf78185708cab28436f6213d8bc165b0,10/29(火) 11:52
2024-11-01,03:08,business,経済,10,テレビ朝日系（ANN）,船井電機破産手続きで500人一斉解雇　突然経営に加わった素性不明の役員,https://news.yahoo.co.jp/articles/09733f843f48e049845f1cc71af0b79ae5efc99e,10/31(木) 19:22
2024-11-01,03:08,business,経済,11,Bloomberg,植田日銀総裁、利上げ判断に「時間的余裕」は使わず－金融政策維持,https://news.yahoo.co.jp/articles/f1988a0b72599d0b21113781715c91918853842c,10/31(木) 11:48
2024-11-01,03:08,business,経済,12,LIMO,【新NISA】65歳まで「20年間」毎月5万円を積立投資をしたら将来いくらになる？2％、5％、8％の3パターンでシミュレーション,https://news.yahoo.co.jp/articles/3a17a7a2f34ef597d4c800f6c4c0190d9998ad48,10/31(木) 20:17
2024-11-01,03:08,business,経済,13,ファイナンシャルフィールド,2024年12月から、会社員の「iDeCo」が拡充される？ 40代で年収400万円の会社員の“節税効果”を検証します,https://news.yahoo.co.jp/articles/446e7299dd44417dabde1d8c45dfc33ca24791eb,10/31(木) 14:50
2024-11-01,03:08,business,経済,14,LIMO,みんなの貯蓄額「20歳代・30歳代・40歳代・50歳代・60歳代・70歳代」平均と中央値はいくら？,https://news.yahoo.co.jp/articles/8e9d72a1cb5d4282651c5dcf62855a9a27227933,10/31(木) 14:41
2024-11-01,03:08,business,経済,15,ファイナンシャルフィールド,最近、職場から「12月に既存の健康保険証が廃止される」と案内が！ マイナンバーカードは持っていないのですが、なにか手続きは必要ですか？ 12月以降「マイナ保険証でないと損」と聞きますが、どういうことなのでしょうか？,https://news.yahoo.co.jp/articles/90278814682fd87a40bf242b341319e340b4daf1,10/30(水) 11:50
2024-11-01,03:08,business,経済,16,くるまのニュース,トヨタ「新型ハイラックスサーフ!?」世界初公開へ！ “カクカク”デザイン×「斬新ルーフ」も装着！ 40年目の進化を称える「4ランナー TRD サーフ」米国でまもなく登場,https://news.yahoo.co.jp/articles/acf22573bf6b803231a1a385695c4c58b714cfb6,10/31(木) 15:40
2024-11-01,03:08,business,経済,17,読売新聞オンライン,船井電機、出版社が買収以降３００億円資金流出…破産申請時は１１７億円超の債務超過,https://news.yahoo.co.jp/articles/5c1fb4343a8246a76be59aa5bd0aeda6c9333f96,10/30(水) 7:07
2024-11-01,03:08,business,経済,18,くるまのニュース,6速MT搭載！ 超レトロな新型「“丸目”スポーツカー」発売へ！ “最新・高性能モデル”に匠の手作り「旧車ボディ」採用！ 斬新すぎる「新型モデル」M55が凄い,https://news.yahoo.co.jp/articles/7b6e0914e07825f1e990dab1a6d22f079c3d8607,10/31(木) 17:10
2024-11-01,03:08,business,経済,19,朝日新聞デジタル,富士通、早期希望退職を募集　費用200億円計上も人数は非公表,https://news.yahoo.co.jp/articles/ac18efff699c1fd96cab036a91622ebbe128f2da,10/31(木) 19:24
2024-11-01,03:08,business,経済,20,くるまのニュース,「駐車券なし」「ゲートなし」のコインパーキング増加中！ 料金“未払い”の人はいないの!? 「チケットなし駐車場」の驚くべき実態とは,https://news.yahoo.co.jp/articles/ab497bcf79722e4f207f56e8c5793ae78a16322d,10/31(木) 19:40
2024-11-01,03:08,business,経済,21,VAGUE,75年前に登場した“初代カブ”が復活!? 新カラーで登場したホンダ「スーパーカブC125」販売から半年 販売店への反響とは,https://news.yahoo.co.jp/articles/3f743f8c09f0a9f9b2affaf897d0016cbd1dccd7,10/31(木) 12:10
2024-11-01,03:08,business,経済,22,MONEY PLUS,新NISAで積立投資を始めた方へ 日経平均大暴落から改めて考えるやってはいけない投資行動【月刊ヒット記事】,https://news.yahoo.co.jp/articles/3a67970ee48e4f4f743113f4feb9330f3a10b830,10/31(木) 18:50
2024-11-01,03:08,business,経済,23,くるまのニュース,20年以上乗った「トヨタの“スポーツカー”」も登場！ 「衆議院選2024」で “高市早苗議員”が奈良2区当選！ クルマ好きの間で話題に,https://news.yahoo.co.jp/articles/3aee1b1f25177aba1fa72ce7240beb709c481229,10/28(月) 12:50
2024-11-01,03:08,business,経済,24,ファイナンシャルフィールド,年収800万円の会社員。父から「生活保護」の扶養照会が届きましたが、正直迷う気持ちがあります。収入に余裕があるなら断れないのでしょうか？,https://news.yahoo.co.jp/articles/e0d197550f0281cdf6f384ac4dd10be1b6b931bf,10/31(木) 11:32
2024-11-01,03:08,business,経済,25,読売新聞オンライン,富士通、間接部門の幹部に早期退職募集…組織再編で余剰人員を削減,https://news.yahoo.co.jp/articles/6ea0cde37abf545710b0b31e717152f8ae3794b5,10/31(木) 20:05
2024-11-01,03:08,business,経済,26,LIMO,扶養内で働く人はデメリットだらけなの？2024年10月から厚生年金保険の適用が拡大！,https://news.yahoo.co.jp/articles/fd1fc2ac83c99b70b8a8571e47398d23b3ef5599,10/31(木) 6:17
2024-11-01,03:08,business,経済,27,ファイナンシャルフィールド,59歳で退職間際の会社員。退職金「2000万円」で不労所得がほしいのですが、株で「月3万円」を得るなら、いくら買う必要があるでしょうか？,https://news.yahoo.co.jp/articles/1f2ff484eb23f834658be743ef27f32ee14746c9,10/30(水) 14:40
2024-11-01,03:08,business,経済,28,くるまのニュース,世界初のホンダ新型「サンシェード」何がスゴい？ 「日本イチ売れてるクルマ」に初採用された“画期的アイテム”が人気に!? 一体どんなもの？,https://news.yahoo.co.jp/articles/fc1031a684441d4d3a53144f2a6e8bc324891ec0,10/31(木) 14:50
2024-11-01,03:08,business,経済,29,共同通信,国民案なら減税7.6兆円　「年収の壁」で政府試算,https://news.yahoo.co.jp/articles/2f84a82b119f6382371b1e458adbdfc0f4ae3f6a,10/30(水) 21:32
2024-11-01,03:08,business,経済,30,ロイター,ＦＲＢの11・12月0.25％利下げ観測高まる、指標がインフレ緩和示唆,https://news.yahoo.co.jp/articles/b0c76bf3190c5f9e5af14838e2cfcc221421ba75,11/1(金) 0:38
2024-11-01,03:08,business,経済,31,時事通信,原口元総務相の提訴検討　コロナワクチンメーカー,https://news.yahoo.co.jp/articles/892568aa073e366a4d2a712ee76ffea32cd57937,10/31(木) 21:31
2024-11-01,03:08,business,経済,32,くるまのニュース,トヨタ新「RAV4」発表！ “2.5リッター”エンジン搭載！ オシャグリーン仕様アリ＆燃費向上！ どんなモデル？ 大人気の「クロスオーバーSUV」米で改良,https://news.yahoo.co.jp/articles/d59c1418094d03e85bec00ea9d70731bfd7882ec,10/31(木) 6:10
2024-11-01,03:08,business,経済,33,ファイナンシャルフィールド,友人が「車両保険を使って200万円もらった」と話していました。お金を受け取ったのに車を修理しないこともあるのですか？“例外的”に認められるケースを解説,https://news.yahoo.co.jp/articles/b17ca5567142fd353d89223b70e502c365cd8dc8,10/26(土) 13:40
2024-11-01,03:08,business,経済,34,Nosweb.jp,【見た目はS30Zデスけどっ】全長・全幅の異なるボディサイズを見事にハコ換え！  S30Zのボディをマルっと被せたR34スカイライン（しかもAT）,https://news.yahoo.co.jp/articles/4223c345284eef97c149b4c11b50f7a27b5d5667,10/30(水) 6:02
2024-11-01,03:08,business,経済,35,LIMO,年金から天引きされるお金にはどんなものがある？年金から引かれる税金や保険料と「国民年金・厚生年金」の平均受給月額を見る,https://news.yahoo.co.jp/articles/57a5abbf02b5e44554eca2b3e4f0747e893837b2,10/31(木) 17:41
2024-11-01,03:08,business,経済,36,食品産業新聞社ニュースWEB,「マックフライポテト」M・Lサイズが250円に、11月5日からキャンペーン実施、Lサイズ注文は130円値引き/マクドナルド,https://news.yahoo.co.jp/articles/56870aa2bd795cafa3f6d34db908b1c489df76d6,10/31(木) 13:07
2024-11-01,03:08,business,経済,37,くるまのニュース,近畿南部～北陸の新ルート「名神名阪連絡道路」計画に反響多数!?「絶対に必要」「がんばって」いよいよ概略ルート検討へ!? 夢の南北軸のスゴさとは,https://news.yahoo.co.jp/articles/4b3990082e63290bf05943bb53a3095e737fe846,10/31(木) 7:40
2024-11-01,03:08,business,経済,38,ITmedia ビジネスオンライン,令和のバーキン？　今年も人気　ユニクロの1990円バッグ、秋冬向けに改良も「在庫ほとんどない」,https://news.yahoo.co.jp/articles/2bd0c1a4367aa600b90996a8cb5a801316f4fcfa,10/31(木) 11:20
2024-11-01,03:08,business,経済,39,毎日新聞,住宅ローン、負担減らすには？　激変緩和措置には落とし穴も,https://news.yahoo.co.jp/articles/baf399bc64158d395107a2616595434699fd4d9a,10/31(木) 10:30
2024-11-01,03:08,business,経済,40,くるまのニュース,スズキが新型「カタナ」発売！ めちゃ“旧車感”あふれる「レトロデザイン」採用！ “鮮烈ブルー”採用した「レジェンドバイク」最新モデルの姿とは！,https://news.yahoo.co.jp/articles/531b6fd81108a38253d8869a4433463b15c32862,10/31(木) 12:50
