scrp_date,scrp_time,genre_en,genre_jp,rank,media_jp,title,link,date_original
2024-07-23,14:06,TTL,総合,1,ねとらぼ,アメリカ人が日本のマクドナルドを食べてみたら……？　“ある商品”が衝撃の結果に 「クレヨンと粘土の味」「肉じゃない」,https://news.yahoo.co.jp/articles/17aca62a3740d81bba68e737572a62a9cd254ba5,7/23(火) 11:45
2024-07-23,14:06,TTL,総合,2,スポニチアネックス,朝倉未来「手越さんに謝罪しろってDMくるけどなんで？」手越祐也が国歌斉唱辞退も「俺はいらないとしか」,https://news.yahoo.co.jp/articles/5bb2ce937f19f4ec6f5a64115b09fd242518bcac,7/23(火) 8:54
2024-07-23,14:06,TTL,総合,3,賢者の選択サクセッション,社員12人中10人をリストラ「明日からどうすれば…」何人も涙を流した　そこから復活した「高級トイレ」商社の3代目、恨まれなかった理由は,https://news.yahoo.co.jp/articles/c54481d22881b803d6b8286a346e2e562b351dab,7/23(火) 6:30
2024-07-23,14:06,TTL,総合,4,デイリースポーツ,１００キロマラソン完走の森渉　真夏のマラソン批判に「努力している人を侮辱」とプロの矜持,https://news.yahoo.co.jp/articles/abb6bce1fb008a09169d0ec0f6b1f0d3470139b7,7/23(火) 11:57
2024-07-23,14:06,TTL,総合,5,ABEMA TIMES,先天性疾患による低身長・りおなちゃん（7）に体の異変＆手術検討を母親が報告「また命の心配をしないといけないことに、私たちも今は胸を痛めています」,https://news.yahoo.co.jp/articles/89d8e76b131079b9232d1a319f863d8538f9abe4,7/23(火) 9:31
2024-07-23,14:06,TTL,総合,6,デイリースポーツ,球場がため息　大谷翔平が盗塁で一度はセーフもビデオ判定で覆る　今季４度目の盗塁死,https://news.yahoo.co.jp/articles/81a88c1b2e388f9cd3d8b19062d2cb4cdeef8775,7/23(火) 11:27
2024-07-23,14:06,TTL,総合,7,スポニチアネックス,インパルス堤下、顔を手術　大きな皮下腫瘍…「すごく臭い」「めちゃくちゃ痛い」驚きの症状で発覚,https://news.yahoo.co.jp/articles/8fad4b2886afb9abd900fbce6fe21ddb6ab47a24,7/23(火) 9:23
2024-07-23,14:06,TTL,総合,8,日刊ゲンダイDIGITAL,宮田笙子の喫煙を以前から把握か？体操協会に向けられる疑惑の目…“過去にも厳重注意”の証言,https://news.yahoo.co.jp/articles/f2b3fc58ce96034c3409b404edeee67b62dd8a53,7/23(火) 9:06
2024-07-23,14:06,TTL,総合,9,スポニチアネックス,人気ユーチューバー・りおなちゃんにアクシデント　母親が命の危険伝える「背骨が大きく曲がって…」,https://news.yahoo.co.jp/articles/558c64506f175becc0f18e49325e78e9fbdfe942,7/23(火) 11:45
2024-07-23,14:06,TTL,総合,10,弁護士JPニュース,なぜ蓮舫氏に「からかい」が集中するのか？　“ものを言う女性”バッシングの背景にある「女性差別」の構造,https://news.yahoo.co.jp/articles/b3b081d85acf41dcd45b0b5d6cf36d59df9ec0db,7/23(火) 10:25
2024-07-23,14:06,TTL,総合,11,中日スポーツ,体操女子・宮田笙子の代表辞退、「常習性ない喫煙なら…」順大の擁護声明にネットつっこみ 「常習性のない喫煙なんてない」,https://news.yahoo.co.jp/articles/d6442c1da94c77464a71abbb1d660c28b3fbfaba,7/23(火) 12:49
2024-07-23,14:06,TTL,総合,12,ENCOUNT,『27時間テレビ』猛暑の100kmマラソン企画、参加ランナーが“批判”に反応「侮辱している気がして残念」,https://news.yahoo.co.jp/articles/6a41500a7aad720d49a190033200971872a443e1,7/23(火) 9:39
2024-07-23,14:06,TTL,総合,13,朝日新聞デジタル,選抜4強の中央学院が木更津総合に敗れる　千葉大会準々決勝,https://news.yahoo.co.jp/articles/1be6304ef63a9e87d46936d57d4b8e8b1eedb06a,7/23(火) 11:47
2024-07-23,14:06,TTL,総合,14,みんかぶマガジン,共産党員「共闘は事実じゃないか。蓮舫さんとがんばったのに」記者への抗議に野党関係者からも疑問…128万3262票を誇るべき、わかってくれる人はいる,https://news.yahoo.co.jp/articles/6bb43e88c6eca8e4d453739fd00574170fce8caf,7/23(火) 9:10
2024-07-23,14:06,TTL,総合,15,日刊スポーツ,昨夏甲子園準Ｖの仙台育英が決勝で敗れる　自慢の投手陣が崩れ３連覇逃す／宮城,https://news.yahoo.co.jp/articles/2979f7d57faabebcab6f188840f74b390b939dbb,7/23(火) 13:12
2024-07-23,14:06,TTL,総合,16,西スポWEB OTTO！,女子バレーチームGM、鬼コーチ、うなぎ料亭社長…引退した28歳人気選手の現在地「もっと、もっと上を目指せる」,https://news.yahoo.co.jp/articles/0c57b494480aee89378ffefad83f88b43e86aac3,7/23(火) 11:50
2024-07-23,14:06,TTL,総合,17,テレビ朝日系（ANN）,兵庫県知事“おねだり”疑惑　同じメーカーの服を50回以上SNSに投稿,https://news.yahoo.co.jp/articles/bd9575e5ad2ba1b81fa39d0da0e6c7fa2273e057,7/22(月) 13:02
2024-07-23,14:06,TTL,総合,18,MBSニュース,逮捕の女は「破天荒で思ったら突き進む…激しい感じ」68歳男性が刃物で刺され殺害　腹の傷は深くまで達する　京都,https://news.yahoo.co.jp/articles/3f0240ec6a746cc7a51c2407fb273e04b8b7ca39,7/23(火) 6:57
2024-07-23,14:06,TTL,総合,19,まいどなニュース,入社1年目23歳アナウンサー、大注目の理由「採用した担当者すげえ」→人気に親心見せるファンも「大切に育ててあげて」,https://news.yahoo.co.jp/articles/0c8018e20193552f4a8e46a571c15fe46cf0b64d,7/23(火) 11:30
2024-07-23,14:06,TTL,総合,20,中央日報日本語版,「ナチスの会社、気持ち悪い」批判殺到…アディダスの広告を変更,https://news.yahoo.co.jp/articles/1000c536c182b85fce443fae2e97d44a4d0bc4dd,7/23(火) 11:25
2024-07-23,14:06,TTL,総合,21,まいどなニュース,どれだけ茹でてもニンジンが硬い→シェフのアドバイスに「そうだったの！？」「ニンジンのせいにしてた」「離乳食のママさんたちに届けー」,https://news.yahoo.co.jp/articles/e760006a64a7a131791d241b0d9121db3e19da28,7/23(火) 11:10
2024-07-23,14:06,TTL,総合,22,Full-Count,“元3冠王”は「なぜトレードで獲得できた」　自己新ラッシュ…打ちまくる26歳は「大成功例」,https://news.yahoo.co.jp/articles/9ac42b83552e5ac157d12b097615f1d31c8d760d,7/23(火) 8:10
2024-07-23,14:06,TTL,総合,23,日刊スポーツ,有田哲平、共演人気俳優への怒り実名告白「うるせえのよ。お前何年芝居やってんだっていう」,https://news.yahoo.co.jp/articles/8dce88fb1a9698678d059c96599f772ac715537b,7/23(火) 10:16
2024-07-23,14:06,TTL,総合,24,乗りものニュース,海自の巨艦「いずも」「かが」並んだ！空母化される2隻が呉に集結  “貴重なツーショット”が実現,https://news.yahoo.co.jp/articles/4d318c9cc7401da4462de055d28b6195c623915e,7/23(火) 11:42
2024-07-23,14:06,TTL,総合,25,ファイナンシャルフィールド,職場でのランチは「おにぎり2個」と「インスタントみそ汁」だけです。お腹はふくれますが“栄養面”は大丈夫ですか？ 夜にしっかり食べれば大丈夫でしょうか…？,https://news.yahoo.co.jp/articles/c6817205df569988e07c4a2f226b8626d8611bea,7/23(火) 11:41
2024-07-23,14:06,TTL,総合,26,朝日新聞デジタル,聖和学園、春夏通じて初の甲子園へ　仙台育英は宮城大会3連覇ならず,https://news.yahoo.co.jp/articles/d67f602c93c4aac2099006d54ad3748839a20915,7/23(火) 13:09
2024-07-23,14:06,TTL,総合,27,スポーツ報知,鈴木誠也＆今永昇太のカブスが“今季終了”宣言　トレード戦線で売り手に　球団社長「今永は成功だったけど」,https://news.yahoo.co.jp/articles/e396e805a8db496f770c4e11c9d9cf7ca4a2b478,7/23(火) 8:53
2024-07-23,14:06,TTL,総合,28,ITmedia NEWS,“全身に冷水をまとうスーツ”は殺人的猛暑に立ち向かえるか　装着して涼しさを試した,https://news.yahoo.co.jp/articles/51543171fee542d8164849ab19cc954f790a5c0e,7/23(火) 11:59
2024-07-23,14:06,TTL,総合,29,オリコン,『虎に翼』涼子さま赤面！ ラブラブ写真の”お相手”にネット反応「やっぱりお似合いな2人」,https://news.yahoo.co.jp/articles/1419107e947ce1a45aacdf4b3d72b83fa52e4cdd,7/23(火) 11:41
2024-07-23,14:06,TTL,総合,30,ABEMA TIMES,柳原可奈子、脳性まひ公表の4歳長女が転院「ここまで本当によく頑張りました」,https://news.yahoo.co.jp/articles/ac1ccc3eef135d947819336cff20a151159795c1,7/23(火) 9:18
2024-07-23,14:06,TTL,総合,31,よろず～ニュース,堀江貴文氏が新型コロナワクチン6回目接種を報告「ワクチン推進派」と表明、必要な所ではマスクも着用,https://news.yahoo.co.jp/articles/8d836d2fc089b01d33c38e75c49c031853b3654e,7/23(火) 10:17
2024-07-23,14:06,TTL,総合,32,BuzzFeed Japan,高畑充希が“夫”とのツーショットを披露→「マジかよ」「信じられないくらい泣きました」ロスになる人続出,https://news.yahoo.co.jp/articles/0437366df68eda92667f714e43a58ae82cec56cb,7/22(月) 11:35
2024-07-23,14:06,TTL,総合,33,ENCOUNT,『虎に翼』検察官役の“正体”にネット騒然「すごい美声の人が」「『ゴジラ-1.0』に出てた人？」,https://news.yahoo.co.jp/articles/f4e3c98f4b4e99dc3aec6ea52c5ec6462adc66ad,7/23(火) 8:29
2024-07-23,14:06,TTL,総合,34,デイリースポーツ,９２歳のベテラン俳優があわや大惨事　土俵下に落ちた正代にはじき飛ばされるも不死身「おかげで元気な姿が日本中に広まった」,https://news.yahoo.co.jp/articles/ba4c6310bc773b4a9cfea20f86a00a0a2ffa153f,7/22(月) 18:05
2024-07-23,14:06,TTL,総合,35,読売新聞オンライン,住宅メーカー社員の自殺、カスハラ原因と労災認定…「銭なんか払えねえ」と客から強い口調でクレーム,https://news.yahoo.co.jp/articles/c3c188c284e85bb22a873534c4c2574eba4d7f34,7/23(火) 5:01
2024-07-23,14:06,TTL,総合,36,スポニチアネックス,山口達也さんのイケメン長男　所属グループが活動休止「手に負えない状況…辞めるしかなくなってしまった」,https://news.yahoo.co.jp/articles/337577aa684b9953c7c0bb0ea390d5d8e68849ea,7/23(火) 12:40
2024-07-23,14:06,TTL,総合,37,ABEMA TIMES,一体、何が起きた！？ 大谷翔平、特大“場外アーチ”でハプニング発生… 喜びすぎた同僚の様子がおかしくなる「笑いすぎだろ」「こいつマジでヤバいwみたいな」,https://news.yahoo.co.jp/articles/5b901077002214cac09f58f8995107921d7c22ea,7/23(火) 11:51
2024-07-23,14:06,TTL,総合,38,MBSニュース,「子ども預かって…」前日に父親から児相に相談　親子の遺体見つかる　5歳女児は橋脚付近に横たわり…父はダム湖に浮かんだ状態　無理心中か　奈良・下北山村,https://news.yahoo.co.jp/articles/916835c978f346bd61fb3ff50e392bb99636e085,7/23(火) 6:53
2024-07-23,14:06,TTL,総合,39,スポニチアネックス,古舘伊知郎　体操女子・宮田笙子巡り「俺は、おかしいと思ってる」　独自の目線で“違和感”語る,https://news.yahoo.co.jp/articles/569f97bddcbe446011990af1bf237d5696035bf2,7/23(火) 10:16
2024-07-23,14:06,TTL,総合,40,日刊スポーツ,武井壮、宮田笙子に「強化費用使っている選手がルールすら守れなかったらそりゃ当然外される」,https://news.yahoo.co.jp/articles/e82527293884852e75f8642d969928895373affb,7/22(月) 21:51
