scrp_date,scrp_time,genre_en,genre_jp,rank,media_jp,title,link,date_original
2024-03-01,03:21,business,経済,1,くるまのニュース,クルマの「窓ガラス内側」水道水で拭くと余計に曇る!? なぜキレイにならない？ カンタンにできる“正しい掃除方法”とは,https://news.yahoo.co.jp/articles/4fb3eeba3e6a552f3396671ad012de6ccbc9fec3,2/29(木) 11:10
2024-03-01,03:21,business,経済,2,Bloomberg,ウォール街揺さぶったビットコインＥＴＦ、衝撃は仮想通貨市場に拡大,https://news.yahoo.co.jp/articles/c7cc2316fec7c6036b2f50726a64b30cb502349c,3/1(金) 2:00
2024-03-01,03:21,business,経済,3,LIMO,2024年10月から「社会保険の適用」が拡大でパート主婦世帯は大打撃？,https://news.yahoo.co.jp/articles/2896e7b69aa34c96a8fc76528850bb63707d4025,2/29(木) 5:22
2024-03-01,03:21,business,経済,4,くるまのニュース,“ホンダエンジン”やめた「新型スポーツカー」初公開！ 斬新「ドラゴンドア」＆ハンドル採用！ まさかの防弾＆電撃＆煙幕機能も可能な「ビースト」米に爆誕,https://news.yahoo.co.jp/articles/bb07d94cdd4c7c1e1cd0fa0019e2054f227ab980,2/28(水) 21:10
2024-03-01,03:21,business,経済,5,共同通信,NY株、反発,https://news.yahoo.co.jp/articles/691aa1e6c48a079a37edcf298d547becc5c08f50,3/1(金) 0:23
2024-03-01,03:21,business,経済,6,LIMO,【住民税非課税世帯】該当するのはどんな人？2月14日から給付支援サービスの提供が開始,https://news.yahoo.co.jp/articles/8eaed4ed0e1dce279dc704ba5db70202efb07187,2/27(火) 14:02
2024-03-01,03:21,business,経済,7,ねとらぼ,「星のカービィ」のハッピーセット、人気で早期販売終了　今後の第2弾・第3弾は？　マックに聞いた,https://news.yahoo.co.jp/articles/cfaa843789547d554b6dcebfcf07c822b5d7f8a8,2/29(木) 8:00
2024-03-01,03:21,business,経済,8,LIMO,男性「年金がひとりで月16万円だと多い方ですか？」2024年4月分から「厚生年金と国民年金」は2.7％の引上げへ,https://news.yahoo.co.jp/articles/80ac65ec7c88f58159fb40a87ca029f40d4494c2,2/25(日) 18:22
2024-03-01,03:21,business,経済,9,Bloomberg,ビットコイン、最高値に向けて上昇－弱気シグナルも示す,https://news.yahoo.co.jp/articles/1f3f1c889d2ade25a2f0bb71f562bdaf378549d6,3/1(金) 1:55
2024-03-01,03:21,business,経済,10,乗りものニュース,快速「ラビット／アーバン」上野行き“全廃”に衝撃 「残ると思ってたが」 ダイヤ改正で数減らす宇都宮線・高崎線快速,https://news.yahoo.co.jp/articles/f838a861b65c0d5f39ffe73993df415d89010c16,2/29(木) 7:42
2024-03-01,03:21,business,経済,11,Bloomberg,バイデン氏は高齢過ぎる、トランプ氏は危険－米激戦州の世論調査,https://news.yahoo.co.jp/articles/8818378bbeb397e66eb2268bbeaeb28cdbeaef7a,2/29(木) 23:59
2024-03-01,03:21,business,経済,12,LIMO,【辛い】60歳代で「貯蓄ゼロ」世帯は何パーセント？ 厚生年金・国民年金の平均月額も一覧表でチェック,https://news.yahoo.co.jp/articles/6c9bdf9129b2de7294ccfdb06f115f02708e84bf,2/29(木) 7:11
2024-03-01,03:21,business,経済,13,LIMO,【厚生年金】現役時代の年収がいくらあれば「月額20万円」の年金を受給できる？,https://news.yahoo.co.jp/articles/09a012caa01d41f4e1c1881ed6b1d2aa95285d12,2/28(水) 18:47
2024-03-01,03:21,business,経済,14,Bloomberg,資生堂が日本事業で早期退職募集、約1500人－全従業員の約4.5％,https://news.yahoo.co.jp/articles/21a75537d65c3ba31d76dcfa4aa7fd937c2aaaa9,2/29(木) 17:10
2024-03-01,03:21,business,経済,15,J-CASTニュース,「新500円玉」が使えない自動販売機　7月の新紙幣誕生で対応進む...と思ったら盲点が,https://news.yahoo.co.jp/articles/280fa48a9113e42e8d5969270fc30a71e8f58113,2/28(水) 18:42
2024-03-01,03:21,business,経済,16,ファイナンシャルフィールド,離れて暮らす子どもから「自分の扶養に入ってほしい」と連絡がありました。「節税になる」とのことですが、実際どのくらい節税効果があるのでしょうか？,https://news.yahoo.co.jp/articles/c81e02a9fb49ebe831f33b2afba0638b50f9672d,2/28(水) 19:10
2024-03-01,03:21,business,経済,17,共同通信,LINEヤフー行政指導へ　総務省、情報管理を問題視,https://news.yahoo.co.jp/articles/f690d04471e25d83b1e37354a261c12b50ff0bfa,2/29(木) 20:58
2024-03-01,03:21,business,経済,18,MBSニュース,【JR西日本】新快速から煙　原因はモーターの軸受が破損して、部品同士の接触で煙発生　JR神戸線で約2万人影響の車両トラブル,https://news.yahoo.co.jp/articles/d01cbd7bc950e9b509b15257050b36802adf2bb8,2/29(木) 16:56
2024-03-01,03:21,business,経済,19,OneNews,「たった一杯のラーメンでも立派な食事である」。一人の主婦が創業した「桂花ラーメン」が愛され続けるワケ,https://news.yahoo.co.jp/articles/0a900ae63861f19c68e5521fcc1a3fae83352666,2/29(木) 19:00
2024-03-01,03:21,business,経済,20,ファイナンシャルフィールド,新幹線で「隣」に人が座ると落ち着きません。「2席分」購入するのは規則的にNGですか？ できれば快適に過ごしたいです…,https://news.yahoo.co.jp/articles/501e0c47914fcca9ab501ff2fd0c1699a601deaf,2/28(水) 11:20
2024-03-01,03:21,business,経済,21,Bloomberg,バイデン米大統領、再選に向けた軍資金は盤石－トランプ氏をリード,https://news.yahoo.co.jp/articles/70240029af2f69c72105ce3b5e3594bb2cb7b20e,3/1(金) 1:45
2024-03-01,03:21,business,経済,22,ITmedia ビジネスオンライン,セブンはなぜ「紅茶マシン」を試してる？　かつては「100円」ビールを売ったことも　お店に行って分かった“大きすぎる”可能性,https://news.yahoo.co.jp/articles/a50abf163594a4876e1eee7bf162804b1c10c9a7,2/29(木) 10:30
2024-03-01,03:21,business,経済,23,ファイナンシャルフィールド,父が「銀行は信用できない」と、自宅でタンス預金をしています。防犯や災害時のことを考えると心配なのですが、どうすれば銀行に預けてくれるでしょうか…？,https://news.yahoo.co.jp/articles/77211407ebfcb6e534373258b2f3224bd207620d,2/29(木) 11:31
2024-03-01,03:21,business,経済,24,くるまのニュース,85人乗れる！ 三菱が約3300万円の「新型モデル」発表！ 巨大な「7.5リッターエンジン」搭載でも低燃費な「新型エアロスター」発売へ,https://news.yahoo.co.jp/articles/6aa6f370c1e154835328392d2d477057660f9667,2/29(木) 11:30
2024-03-01,03:21,business,経済,25,ITmedia ビジネスオンライン,楽天を襲った「23年ぶり」の異常事態　モバイル赤字減だけでは喜べない深刻すぎる現状,https://news.yahoo.co.jp/articles/b27fe03a53807ca1dcd8d8f5d99ba0943e8d0df2,2/29(木) 6:15
2024-03-01,03:21,business,経済,26,LIMO,日本郵政（6178）の株「1年前に買った人」のトータル・リターンはいくら？【配当金・株価】（2024年2月版）,https://news.yahoo.co.jp/articles/a760fbb975eba8074419c81f1cc4df8614485427,2/29(木) 17:07
2024-03-01,03:21,business,経済,27,LIMO,【厚生年金】40年間の平均月収は「約40万円」です。老後は月額いくらの年金を受給できますか？,https://news.yahoo.co.jp/articles/f071521246b81335dfb2e6f1682017ce5caf4f5c,2/29(木) 20:02
2024-03-01,03:21,business,経済,28,ニュースイッチ,容量140ミリアンペア時…日立造船が半導体装置メーカーから受注、「全固体電池」の性能,https://news.yahoo.co.jp/articles/f8d5587e404ee7fa63a280be8e7bd207dab1335d,2/29(木) 16:10
2024-03-01,03:21,business,経済,29,LIMO,【サラリーマンの二極化】正直、新NISAどころではない？ 実際に投資しているのは「高収入者」だけなのか？,https://news.yahoo.co.jp/articles/9d52ebb2d1e2caf0bec9e254f6c9a516fcf3ed9d,2/28(水) 14:02
2024-03-01,03:21,business,経済,30,ファイナンシャルフィールド,子どもが大学の合格祝いとして、私と妻の両親から「100万円」ずつもらいました。学費にしようと考えているのですが「贈与税」はかかりませんよね？,https://news.yahoo.co.jp/articles/7d6d6a729ddf8ef17fa18110273ba3bb683be5d4,2/28(水) 11:41
2024-03-01,03:21,business,経済,31,Bloomberg,米30年物住宅ローン金利、４週連続上昇し6.94％－フレディマック,https://news.yahoo.co.jp/articles/c827d38f823ee5c14109041b2c529d2162b880b4,3/1(金) 2:35
2024-03-01,03:21,business,経済,32,読売新聞オンライン,船井電機、カインズと家電の共同開発で提携…船井が生産・保守サービス担いカインズで販売,https://news.yahoo.co.jp/articles/c64888958454b919391067c9917c051da91f82b4,3/1(金) 0:28
2024-03-01,03:21,business,経済,33,くるまのニュース,ダイハツの「コンパクト“高級”ミニバン」!? アンダー250万円でMTもアリ！ 全長約4.2mボディにスライドドア＆3列シート備えた「ルクシオ」とは,https://news.yahoo.co.jp/articles/c8067a1d8e63fd91762940fe15fe7e8e39b0db19,2/29(木) 22:10
2024-03-01,03:21,business,経済,34,ファイナンシャルフィールド,令和6年に行われる「定額減税」 給与所得者が注意すべき点とは？,https://news.yahoo.co.jp/articles/f4310ed0e763d5b4464cac3cb8373614d46d63ad,2/28(水) 18:40
2024-03-01,03:21,business,経済,35,くるまのニュース,関越道にも「半固定式オービス」新登場！ 新たに首都圏近郊へ続々導入！ 「“シン”速度取締り機」はどこが「斬新」なのか,https://news.yahoo.co.jp/articles/15f6bf549e77761b1b47bda7188206d39d0aa69c,2/29(木) 14:10
2024-03-01,03:21,business,経済,36,食品産業新聞社ニュースWEB,ハッピーセット「星のカービィ」第2弾発売、すやすや・ジャンピング・さんかくほおばりや黄色のカービィぬいぐるみが登場/マクドナルド,https://news.yahoo.co.jp/articles/e8012ae90239e4a66f987a3535a6ffa5424ada7e,2/29(木) 11:30
2024-03-01,03:21,business,経済,37,LIMO,【厚生年金の年金早見表】ウチの父親は「額面でひと月15万円」です。これって平均以上・平均以下、どっちですか？,https://news.yahoo.co.jp/articles/4ae8bdbe5de2ae8e69e9f0becb4210400046f67e,2/27(火) 19:52
2024-03-01,03:21,business,経済,38,共同通信,為替相場　　　1日（日本時間　3時）,https://news.yahoo.co.jp/articles/d7d9d6251bb1d388030d8f38231e581a3ba334e4,3/1(金) 3:00
2024-03-01,03:21,business,経済,39,ファイナンシャルフィールド,国家公務員の「5人に1人」が定年後に生活苦!? 退職金「2000万円」があっても苦しいの？ 定年後も働く割合も解説,https://news.yahoo.co.jp/articles/11eedc6b6b274e36d3398971ba1ed2f89977cb0f,2/28(水) 11:20
2024-03-01,03:21,business,経済,40,ファイナンシャルフィールド,上京した30代の息子が生活保護を受けるらしく「扶養照会」が届きました…年金暮らしですが、生活の面倒を見てあげた方がいいのでしょうか？,https://news.yahoo.co.jp/articles/faacfc14ba9b74de4740d978d48849e7e3fae6a2,2/23(金) 12:13
