scrp_date,scrp_time,genre_en,genre_jp,rank,media_jp,title,link,date_original
2024-10-22,06:05,business,経済,1,ファイナンシャルフィールド,車でコンビニに寄った際、5分程度だったので「エンジン」をかけたままお店に入りました。友人から「6000円の罰金になるよ」と言われたのですが、本当でしょうか…？,https://news.yahoo.co.jp/articles/f27296f4023f97705af43169671d4ef7b8472a26,10/19(土) 13:40
2024-10-22,06:05,business,経済,2,ファイナンシャルフィールド,グリーン車を定期的に利用する友人がいます。料金を払っても座れないことがあると聞きましたが、グリーン車はそんなによいものなのでしょうか？,https://news.yahoo.co.jp/articles/dcef3f4d26033c8ff41341c7c56891db4b22d5f0,10/20(日) 14:30
2024-10-22,06:05,business,経済,3,ファイナンシャルフィールド,東京都の最低賃金が「1163円」に引き上げられるというニュースを見ました。私は手取りで月15万円なのですが、もしかして最低賃金を下回っているのでしょうか？,https://news.yahoo.co.jp/articles/4ac8a5befb3cc77dd4212a119559de2b544edbf0,10/20(日) 10:40
2024-10-22,06:05,business,経済,4,帝国データバンク,高利を謳い約9000名の投資家から資金を集めていたエクシアが破産,https://news.yahoo.co.jp/articles/bd1e0a949198406bf253b056b90cf890215e5ba6,10/21(月) 11:10
2024-10-22,06:05,business,経済,5,くるまのニュース,まさかの「“トヨタ”ノポルシェ」登場!? アンダー350万円で買える「MRスポーツカー」！ “カレラGT ”…じゃない！「クオリティ高すぎマシン」の正体とは？,https://news.yahoo.co.jp/articles/59cee716f4a800f5e6565b35c48efbbd7be78879,10/21(月) 17:10
2024-10-22,06:05,business,経済,6,ファイナンシャルフィールド,母がタンス預金で「500万円」貯めたそうです。300万円をアメリカへの旅行で使うそうなのですが、税金などは問題ないのでしょうか？,https://news.yahoo.co.jp/articles/95097e1dbe4e5162640adbacf0cebff579defde0,10/21(月) 14:30
2024-10-22,06:05,business,経済,7,ITmedia ビジネスオンライン,入場料2530円の本屋が話題　「本を買う」だけでない、一風変わった本屋の「納得の体験価値」,https://news.yahoo.co.jp/articles/92fe1225b14ed13ca1491d531f95d30ab63ac421,10/21(月) 6:10
2024-10-22,06:05,business,経済,8,くるまのニュース,トヨタ新型「ランドクルーザー」公開！ カクカクデザイン×全長5m級ボディが超カッコイイ！ 原点回帰の「本格SUV」アイルランドで登場,https://news.yahoo.co.jp/articles/dc73674b8340d639c34efb480da7ca251f52a1be,10/21(月) 15:10
2024-10-22,06:05,business,経済,9,くるまのニュース,逗子～久里浜が最短距離に!? 悲願の「三浦半島中央道路」に反響多数「早く全通して」「渋滞かなり減る」逗子中心部スルーの「新トンネル」いよいよ建設秒読み,https://news.yahoo.co.jp/articles/c84aea73b25a727c841238a175ad63b6a19922cb,10/21(月) 16:40
2024-10-22,06:05,business,経済,10,東京商工リサーチ,事業投融資のエクシア（東京）が破産、被害者9000名,https://news.yahoo.co.jp/articles/519dbd77c68713c5b5477c5af592ad6e5a2165ea,10/21(月) 11:30
2024-10-22,06:05,business,経済,11,Webikeプラス,【海外】新型「フォルツァ125」にもTFT液晶メーター採用！「フォルツァ350」と共に登場 日本仕様にも搭載に期待,https://news.yahoo.co.jp/articles/b5cfe94567f0b56a7f96320d0b3b44164cd59b54,10/21(月) 18:40
2024-10-22,06:05,business,経済,12,中部経済新聞,アイシン　空気抵抗低減装置の受注拡大　ＥＶ向けトヨタなど国内３社に　20年代後半から納入へ,https://news.yahoo.co.jp/articles/ca444aae828344a06071ade2a65660f4e1171ce9,10/22(火) 5:15
2024-10-22,06:05,business,経済,13,LIMO,【老後】約6割の高齢者世帯が「年金だけで生活できない」…70歳代「貯蓄ゼロ」の世帯も。「平均貯蓄額と年金受給月額」はいくら？,https://news.yahoo.co.jp/articles/2206df7da8a29ecb36ae59ec17c8261b3cd81044,10/21(月) 19:52
2024-10-22,06:05,business,経済,14,共同通信,円下落、一時2カ月半ぶり安値,https://news.yahoo.co.jp/articles/0cab98e9a710944d32fc1b01a7970eae9431cab0,10/22(火) 1:01
2024-10-22,06:05,business,経済,15,みんかぶマガジン,高齢者への警告…東大医学部卒の医師が世の健康情報に苦言「長生きしたけりゃ肉を食え！」高齢者が1日に必要なタンパク質を摂取するのは大変,https://news.yahoo.co.jp/articles/c27795bbdba55b65eed867c578a3b7e664e1f8f9,10/21(月) 17:10
2024-10-22,06:05,business,経済,16,くるまのニュース,「黄信号で止まったら追突されました。私が悪いんですか？」投稿に回答殺到!? 「止まるな」「いや追突車が悪い」大議論に！ 実際「悪い」のはどちらなのか,https://news.yahoo.co.jp/articles/483b2a57370da4b69ab3eaef1afb98dd61d5cf65,10/21(月) 12:30
2024-10-22,06:05,business,経済,17,ファイナンシャルフィールド,10月分から児童手当が改正されますが、扶養控除は減額されるって本当ですか？手当が増額されたり控除額が減ったり、結局どうなるのかよく分かりません,https://news.yahoo.co.jp/articles/f4215bd954b22bb4c7b7a6321e8ec5792c7db79c,10/21(月) 11:10
2024-10-22,06:05,business,経済,18,ファイナンシャルフィールド,「PASMO」って10年以上使わないと失効するんですか？ 母がひさしぶりに上京してくるのですが、チャージしていた「残高」もなくなってしまうのでしょうか…？,https://news.yahoo.co.jp/articles/74730dbf0280d4cbaf69614283a87bea3a78d887,10/19(土) 13:40
2024-10-22,06:05,business,経済,19,VAGUE,“運”次第で格安で「ビジネスクラス」にアップグレード!? 窮屈な席じゃなく快適な空の旅を実現する「プラスアルファ」の方法とは,https://news.yahoo.co.jp/articles/9658bf41036119f9a2ec8d67ca049ec0aa299ee6,10/21(月) 12:10
2024-10-22,06:05,business,経済,20,ITmedia ビジネスオンライン,吉野家の「ダチョウ丼」反響は？　まずは1000万円の利益を目指す,https://news.yahoo.co.jp/articles/e69da2531c5fbed114456192bbcd92566d8fe23f,10/21(月) 6:10
2024-10-22,06:05,business,経済,21,ファイナンシャルフィールド,車を「2台持ち」している家庭をよく見かけます。維持費にかなり”お金がかかる”と思うのですが、年収がいくらあれば「2台持ち」できるのでしょうか？,https://news.yahoo.co.jp/articles/d65032259b34aca87fe75563278057db64c2f681,10/18(金) 11:20
2024-10-22,06:05,business,経済,22,ファイナンシャルフィールド,セレナの購入を検討中ですが、24万円の「車検付きメンテプロパック」を提案されています。休日しか乗らないのですが、本当に必要でしょうか？ 長い目で見れば“お得”ですか？,https://news.yahoo.co.jp/articles/c7cb1896e3a2d71952655088e61ad257e68201f1,10/20(日) 11:30
2024-10-22,06:05,business,経済,23,くるまのニュース,トヨタ新型「エボ2」公開に反響多数！ 大排気量「直6」搭載の「2ドア“クーペ”」に「カッコイイ」の声！ ド迫力ウイングも採用の「GRスープラ GT4」が話題に,https://news.yahoo.co.jp/articles/bd202e119bfe900e00684301f67080165a61dab7,10/21(月) 11:10
2024-10-22,06:05,business,経済,24,ファイナンシャルフィールド,金利0.2％の定期預金口座に500万円を預けて満期になりました。通帳に記載された利息額は1万円よりも少なかったのですが、なぜ利息が減ったのでしょうか？,https://news.yahoo.co.jp/articles/f5af1e03c27b84e1c00fa000dd5a286fe6b805d6,10/21(月) 12:11
2024-10-22,06:05,business,経済,25,くるまのニュース,約150万円！ スズキの最新「ゴツゴツSUV」に注目！ “全長4m”にパワフルな「ハイブリッド×1500ccエンジン」搭載！ 運転も楽しい“5速MT”採用したインド製「ブレッツァ」は日本にも最適か！,https://news.yahoo.co.jp/articles/9c6a3bab7c67a0273a6cfed92d4030e1af9c8025,10/21(月) 11:50
2024-10-22,06:05,business,経済,26,共同通信,為替相場　　22日（日本時間　6時）,https://news.yahoo.co.jp/articles/ae99bf15b360e7b8dfcd4d6318311a94a266362b,10/22(火) 3:00
2024-10-22,06:05,business,経済,27,LIMO,お金持ちだけにある2つの共通点。「元銀行員が見た」今から真似できる富裕層の習慣とは,https://news.yahoo.co.jp/articles/17489c75825a2d74bb8eb128d0a83fdc0d0a5ecc,10/21(月) 5:17
2024-10-22,06:05,business,経済,28,くるまのニュース,6速MT×“進化版”VTECターボ搭載！ ホンダ「新型スポーツハッチ」がスゴイ！ 硬派“過ぎない”「シビックRS」の実力とは,https://news.yahoo.co.jp/articles/9c56b19f05f7150c299aef30c4813320415b9ca9,10/21(月) 22:10
2024-10-22,06:05,business,経済,29,レスポンス,日産 アリア、ノート、セレナの計10万台をリコール…降車時オートロック機能作動灯に不具合,https://news.yahoo.co.jp/articles/fb361d1e7c3bccd54d8eb03d50de5fd5e7f19099,10/21(月) 18:30
2024-10-22,06:05,business,経済,30,Bloomberg,ＦＯＭＣ、11月は金利据え置きの可能性高まる－アポロのスロック氏,https://news.yahoo.co.jp/articles/887d504c7013995778a7dd1a6e726ff95fdec056,10/22(火) 2:37
2024-10-22,06:05,business,経済,31,Bloomberg,【丸の内Insight】三菱ＵＦＪが次期トップ選び本格化、来春に新体制,https://news.yahoo.co.jp/articles/bdc9ccdf4a01371c24ce9e89d79690481cfdf0e5,10/22(火) 5:30
2024-10-22,06:05,business,経済,32,くるまのニュース,約180万円のトヨタ新型「ハイラックス“ランガ”」公開！ カクカクボディ＆MT採用!? 斬新「3列7人乗りSUV」も初展示!? インドネシアでお披露目,https://news.yahoo.co.jp/articles/94ccff7733134e98bc75f7c629e2d702dd94fb80,10/21(月) 12:10
2024-10-22,06:05,business,経済,33,ファイナンシャルフィールド,10月から勤務先が社会保険適用になります。現在年収100万円ほどのパートですが、扶養から外れるメリットとデメリットは何ですか？,https://news.yahoo.co.jp/articles/a45ea7af9f50d61ef38b538abc8674b0a5e59617,10/20(日) 8:30
2024-10-22,06:05,business,経済,34,みんかぶマガジン,要介護高齢者700万人…的外れな厚労省「訪問介護の報酬減額で人手不足に追い打ち」“お役所仕事”をやめなさい,https://news.yahoo.co.jp/articles/0b6af06f0aa4a2ed9c09b9b1adacc38994a6c417,10/20(日) 6:10
2024-10-22,06:05,business,経済,35,レスポンス,「令和のランエボ」走りも強化した新型『アウトランダーPHEV』にSNS注目「質感やばい！」,https://news.yahoo.co.jp/articles/871c359a5babe3429c0afce2c5b451d6a51fa734,10/21(月) 17:00
2024-10-22,06:05,business,経済,36,Bloomberg,３Ｍ、管理職に週３日の出社要請－寛大な在宅勤務方針巻き戻しへ,https://news.yahoo.co.jp/articles/606ecd7dbd8568513ac07fcfb26a69b13e481bfb,10/22(火) 2:00
2024-10-22,06:05,business,経済,37,くるまのニュース,トヨタの「“SUV”ミニバン」に反響多数!? 全長4.3m級の「カクカクボディ」に「欲しい」声多数！ スライドドア採用で“めちゃ便利そう”な「Tjクルーザー」が話題に,https://news.yahoo.co.jp/articles/3e47e6231b080bffe50adc603978ce4ceb2083d9,10/21(月) 7:10
2024-10-22,06:05,business,経済,38,Merkmal,世界のフラッグキャリア「パンアメリカン航空」はなぜ破綻したのか？ 20世紀の航空文化を変えた絶大な影響力を振り返る,https://news.yahoo.co.jp/articles/8713a5f27972abbe58a44621dc6e8d66ffd638fd,10/21(月) 5:41
2024-10-22,06:05,business,経済,39,ロイター,ＮＹ外為市場＝ドル上昇、150円台後半　米大幅利下げ観測後退,https://news.yahoo.co.jp/articles/ee8bd900316d643154e26e01b261408355792d37,10/22(火) 5:28
2024-10-22,06:05,business,経済,40,ITmedia ビジネスオンライン,#ワークマン女子、山形に初オープン　25年中に5店舗、「出店密度」上げる計画,https://news.yahoo.co.jp/articles/0fa9945a163453c814e7a50dcf6222ec84ae2d98,10/22(火) 5:00
