scrp_date,scrp_time,genre_en,genre_jp,rank,media_jp,title,link,date_original
2025-06-04,04:06,business,経済,1,ねとらぼ,業務スーパー「中国産冷凍食品」に基準値超え残留農薬……　運営謝罪、4万5000個回収命令　同様の事例相次ぐ,https://news.yahoo.co.jp/articles/f15605ae35c87cd3100b74a80d21eddeb879ffdc,6/2(月) 18:08
2025-06-04,04:06,business,経済,2,Bloomberg,ロシア政府内に怒りと警戒感、ウクライナが戦略爆撃機攻撃で－関係者,https://news.yahoo.co.jp/articles/e001f8d553acc3404ce772d3e8e31bd82cbbe1b8,6/3(火) 3:44
2025-06-04,04:06,business,経済,3,乗りものニュース,ロシアの戦略爆撃機「攻撃を受け火だるまになる瞬間」公開される 40機以上に損害か,https://news.yahoo.co.jp/articles/de75bbb626b0e92e092d2a00362e3871a346f185,6/3(火) 11:42
2025-06-04,04:06,business,経済,4,乗りものニュース,兵庫県のポツンと「紫電改」見てきた！ 日米の機体見比べたら「かつての敵国の方が評価してんじゃん！」,https://news.yahoo.co.jp/articles/8e65332538d7245b02ef7c1cf69540b20dc7d8c9,6/3(火) 16:12
2025-06-04,04:06,business,経済,5,まいどなニュース,“木造は弱い”はもう昔　万博の「大屋根リング」に続き、日本橋に18階建て、2041年には350mも計画中…巨大木造建築という新たな選択肢,https://news.yahoo.co.jp/articles/1bc7d3d7b7031935df0c0f478415f7bedf5da7b4,5/31(土) 7:02
2025-06-04,04:06,business,経済,6,テレビ朝日系（ANN）,備蓄米放出で“市場に異変”　銘柄米の価格に変化も！,https://news.yahoo.co.jp/articles/5f735f150a6685e743a39cf3cf89c6d4c3e2ee37,6/3(火) 20:27
2025-06-04,04:06,business,経済,7,共同通信,為替相場　　　4日（日本時間　4時）,https://news.yahoo.co.jp/articles/08fd9d9c7da632b404a9a089829048afed2966bd,6/4(水) 3:00
2025-06-04,04:06,business,経済,8,毎日新聞,万博の大屋根リング　200メートルを「原形」保存検討　大阪府と市,https://news.yahoo.co.jp/articles/2219140f85d8bea2dcf149db0c6895f415125625,6/2(月) 20:31
2025-06-04,04:06,business,経済,9,みんかぶマガジン,「進次郎は現場を知らない」農水族のドン・森山幹事長の日本の農業を弱体化させてきた成果なき政策,https://news.yahoo.co.jp/articles/d7513b2ee1e2ae2060086d7375290c203330e220,6/3(火) 9:10
2025-06-04,04:06,business,経済,10,LIMO,6月から改定後の年金が振込開始！年金から天引きされている「お金」は何がある？,https://news.yahoo.co.jp/articles/ce66d417936e0b5567d14bd8b1402f3fd1970daf,6/2(月) 18:37
2025-06-04,04:06,business,経済,11,ファイナンシャルフィールド,ほとんどの買い物を「クレジットカード」で済ます友人。支払いが「毎月30万円以上」と聞いてびっくり！「カードの引き落とし」はいくらくらいが一般的なのでしょうか？,https://news.yahoo.co.jp/articles/3b0a1fe4cff6c4f4dc54ef703a651cb2a7932f4f,6/3(火) 17:50
2025-06-04,04:06,business,経済,12,Bloomberg,ベッセント氏、中国には信頼できるパートナーとなる「選択肢」ある,https://news.yahoo.co.jp/articles/9110b50d1759ac11a98bf4e70712047ec4ced4a0,6/4(水) 1:12
2025-06-04,04:06,business,経済,13,テレビ朝日系（ANN）,JAなどが入札した備蓄米　流通遅れも指摘　「五次問屋まで存在」が要因か,https://news.yahoo.co.jp/articles/e9bdcfa4adf773c4b3eebcfe42a9a943a6c8dd45,6/3(火) 18:02
2025-06-04,04:06,business,経済,14,ファイナンシャルフィールド,来月手術の予定があり「100万円以上」の医療費がかかりそうです。「マイナ保険証」を使えば「高額療養費」の手続きは不要とのことですが、「入院」でも大丈夫でしょうか？,https://news.yahoo.co.jp/articles/605eb03f8987c1b592978b0de80f1bfc843ff556,6/3(火) 13:20
2025-06-04,04:06,business,経済,15,Bloomberg,億万長者オーナー、6.5億ドルでシカゴ・ファイアのスタジアム建設へ,https://news.yahoo.co.jp/articles/51d35217e4bf75292a27128eecdc1ec95d278ce1,6/4(水) 0:57
2025-06-04,04:06,business,経済,16,NOSWEB,【まるでマイチェン後の新型みたい！】最新テクノロジーのテールランプがデリカD:5に登場,https://news.yahoo.co.jp/articles/3327b3aabeb76f724643944ac16b2e443fc7dc69,6/3(火) 19:03
2025-06-04,04:06,business,経済,17,ファイナンシャルフィールド,定期預金の運用で「1000万円を預ける」「500万円を預けて、1年後にもう500万円預ける」だと、3年後の利息はどのくらい変わるの？,https://news.yahoo.co.jp/articles/d2f6a3235684f7b3070f38331b1bb0e5c292efb5,6/2(月) 11:20
2025-06-04,04:06,business,経済,18,Bloomberg,豊田織「ディスカウントＴＯＢ」、市場から失望も－非公開化に賛否,https://news.yahoo.co.jp/articles/7e21a1bcefc33fc3866d506b8bac7c08f522eb37,6/3(火) 19:32
2025-06-04,04:06,business,経済,19,くるまのニュース,6速MTあり！ 全長4.5m級“ちょうどいいサイズ”の「FRスポーツカー」に反響殺到！ 「一番カッコイイです！」「もうこんなクルマ出ないよ」の声も！ パワフルな「480馬力×直6ツインターボ」搭載した「BMW M2」に大注目！,https://news.yahoo.co.jp/articles/a67df2beb7775cac862a24f887d8c94ecb0457ca,6/3(火) 23:10
2025-06-04,04:06,business,経済,20,ファイナンシャルフィールド,去年「NISA」を始め、上限額の「月10万円」を積み立てています。正直生活が苦しいのですが、無理せず「積立額」を見直すべきでしょうか…？,https://news.yahoo.co.jp/articles/9e3cd22b72200e35c7793df7ece3ae468198d9ff,6/3(火) 14:40
2025-06-04,04:06,business,経済,21,ファイナンシャルフィールド,レンタカーで九州旅行中に「オービス」に撮影され、東京に戻った後に福岡県警から“出頭”の通知が！ 東京からだと「往復6万円超」かかるのですが、福岡まで出頭する必要はありますか？ 速度超過は30キロを超えていないと思います,https://news.yahoo.co.jp/articles/50e510a51de804f8d9c0df2dcf9e7ad828783504,5/31(土) 13:50
2025-06-04,04:06,business,経済,22,くるまのニュース,スバルの「“新”スポーツハッチ」まもなく登場！ 水平対向エンジン×全長4.5m以下で「ちょうどイイサイズ」！ 最も売れてる「インプレッサ」どんなクルマ？,https://news.yahoo.co.jp/articles/f08655e1a70cf86be5c38fb03b88560d78044ffe,6/3(火) 14:30
2025-06-04,04:06,business,経済,23,ファイナンシャルフィールド,初任給が「手取り22万円」という娘。私の頃は「手取り16万円」が普通でしたが、それだけ今の若者は“恵まれている”のでしょうか？ 実質賃金のデータとあわせて比較,https://news.yahoo.co.jp/articles/662c2c90260afb739cefa4d4781ea70222f51123,6/3(火) 13:50
2025-06-04,04:06,business,経済,24,くるまのニュース,めちゃ期待！ スバル新型「凄いエンジン」今秋披露!?  独自の「水平対向エンジン」どうなる？ そもそもどんな特徴がある？,https://news.yahoo.co.jp/articles/6f433e5adbe7830ca0ad03a79b20566a44c226c9,6/3(火) 8:30
2025-06-04,04:06,business,経済,25,読売新聞オンライン,投資ファンドのＭＢＫパートナーズ、工作機械大手の牧野フライス製作所にＴＯＢ開始へ…牧野側は賛同,https://news.yahoo.co.jp/articles/ff0a99cf1d86e1c8a90c9fdfd0a6f65eb88eb0a9,6/4(水) 0:26
2025-06-04,04:06,business,経済,26,テレビ朝日系（ANN）,2000円の備蓄米に行列1000人…徹夜組も　国会では議論　大臣「農水省の見立て誤った」,https://news.yahoo.co.jp/articles/20baf662b44d4353849e9005d5751c8e8f9d9983,6/3(火) 16:18
2025-06-04,04:06,business,経済,27,ファイナンシャルフィールド,使わなくなった「テレビ」を処分したいです。「無料」で回収してくれる業者があると聞きますが、依頼しても大丈夫でしょうか？,https://news.yahoo.co.jp/articles/1e14fc7d950431570a96f170f2735c303d9dccce,6/3(火) 14:10
2025-06-04,04:06,business,経済,28,くるまのニュース,【カナダ】5リッター“V8”搭載！ レクサス新「スポーティ“セダン”」発表！ “LFA”デザイン採用＆パフォーマンス強化の「IS」！ 470馬力超えで”めちゃ楽しそう”な「究極モデル」登場,https://news.yahoo.co.jp/articles/3fd487b1a11a2ca0a76ae12531fbfd24ead7e2e7,6/3(火) 6:40
2025-06-04,04:06,business,経済,29,読売新聞オンライン,コンビニ３社が政府備蓄米を販売へ、ファミマとローソン１ｋｇ３６０円…セブンは無洗米に,https://news.yahoo.co.jp/articles/eb7272ed5646c075bcb313e3ef77b846788fa357,6/3(火) 20:38
2025-06-04,04:06,business,経済,30,時事通信,牧野フライス、アジア系ファンドが買収へ　TOBに会社側は賛同,https://news.yahoo.co.jp/articles/2ec9b253b292d5db7425172a5ce24b31ef96943d,6/3(火) 22:50
2025-06-04,04:06,business,経済,31,産経新聞,「小泉進次郎農水相は当然のことをした」　自民・森山裕氏、野村哲郎元農水相の苦言巡り,https://news.yahoo.co.jp/articles/3d834b5758df4e1fc648506bf305d98cfdb0678b,6/2(月) 18:23
2025-06-04,04:06,business,経済,32,共同通信,米鉄鋼関税の大統領署名は3日予定と報道官,https://news.yahoo.co.jp/articles/2dfc9db47618ab6a89987e0bcb1302504bdf4bdd,6/4(水) 3:31
2025-06-04,04:06,business,経済,33,食品産業新聞社ニュースWEB,ローソン『盛りすぎチャレンジ』開始、約50%増量の全41品、6月3日から4週にわたり発売,https://news.yahoo.co.jp/articles/7ffbf5e3957eeac52d38f57cb9dc8d3575a90efd,6/3(火) 15:01
2025-06-04,04:06,business,経済,34,時事通信,〔米株式〕NYダウ上伸に転じる、191ドル高＝ナスダックも高い（3日午後1時）,https://news.yahoo.co.jp/articles/8f4a71cc0ece2bef661b238b3b8090e8c5ded8f9,6/4(水) 2:30
2025-06-04,04:06,business,経済,35,ロイター,牧野フライス、ＭＢＫが1株1万1751円で買収へ　ＴＯＢに賛同表明,https://news.yahoo.co.jp/articles/87dc87d7ee9f67c76737c4fbe789215274a99bbc,6/3(火) 22:56
2025-06-04,04:06,business,経済,36,共同通信,セブン、おにぎり100円　コメ高騰で4日間限定セール,https://news.yahoo.co.jp/articles/b875537d6a19d6cc9aa78fe76e438e5df4f3ce9c,6/2(月) 10:38
2025-06-04,04:06,business,経済,37,ニュースイッチ,スズキ、「スイフト」生産停止を継続,https://news.yahoo.co.jp/articles/62b481e156663d93d6ec136a28077f00dae78749,6/2(月) 9:40
2025-06-04,04:06,business,経済,38,産経新聞,ローソンが「古米おにぎり」販売へ、税別120円程度　備蓄米を小容量パックで販売も,https://news.yahoo.co.jp/articles/f8fc638b897a7fa9e8a3b3463307cdb66b868f19,6/3(火) 12:16
2025-06-04,04:06,business,経済,39,FNNプライムオンライン,「JAを通すとコメ価格が上がる」にJA福井県が異議　5キロ2000円台の“格安備蓄米”には「適正価格は3600円程度」,https://news.yahoo.co.jp/articles/8914376eddc21def131216dc493768150ec86b48,5/28(水) 11:58
2025-06-04,04:06,business,経済,40,Impress Watch,10年後の渋谷の全貌、スクランブルスクエア完成・銀座線の上に歩行者デッキ,https://news.yahoo.co.jp/articles/88f199bdf9bbd080c9a3fdf5d414f294ceb0ba55,6/3(火) 20:43
