scrp_date,scrp_time,genre_en,genre_jp,rank,media_jp,title,link,date_original
2025-03-31,07:06,business,経済,1,Merkmal,“抜け道”発覚で「物流改革」破綻！？ ネットで広まる「実運送体制管理簿」回避術！ 国交省のお粗末設計、多重下請構造の闇ふたたび？,https://news.yahoo.co.jp/articles/34b2d97577386aa7c264ce62d51bd4a61c611576,3/31(月) 5:51
2025-03-31,07:06,business,経済,2,LIMO,厚生年金「月額25万円（年額300万円）」を受給する人の割合を男女別でチェック！,https://news.yahoo.co.jp/articles/209dfdee4f9051b20bded5d001535275d991aa82,3/31(月) 6:12
2025-03-31,07:06,business,経済,3,ファイナンシャルフィールド,夫がガソリンを入れるためだけに「コストコの会員」になっています。会費が「年4840円」と考えるとあまりお得ではないように感じますが、元は取れているのでしょうか？,https://news.yahoo.co.jp/articles/15220fb6e517e06d11f33627715b9d5a431fb13b,3/30(日) 13:40
2025-03-31,07:06,business,経済,4,ファイナンシャルフィールド,スーパーの駐車場で「暖房」を付けたまま買い物へ→戻ってきたら「6000円の反則金」と言われた！ 意外と知らない「停車のルール」とは？ リスクもあわせて解説,https://news.yahoo.co.jp/articles/a9899ac68422f94190c6fd4891d9826185e5c681,3/29(土) 14:20
2025-03-31,07:06,business,経済,5,くるまのニュース,【CG】トヨタ新型「エスティマ後継機」!? 「“最大級”ミニバン」がスポーティ＆最新「サメ顔」に変化!? 「カッコイイ」「欲しい」声もある「次期型シエナ」予想CGが話題に,https://news.yahoo.co.jp/articles/350c9c0ca8707d24fffbe72af16cf1ea44c4086e,3/31(月) 6:10
2025-03-31,07:06,business,経済,6,ITmedia ビジネスオンライン,日本のスタバは、なぜ「絶好調」なのか　米国本社が不調なのに、成長を続けられているワケ,https://news.yahoo.co.jp/articles/99d8cdc278f56a5f55232e95ca4d3e83a114afb4,3/31(月) 5:55
2025-03-31,07:06,business,経済,7,信濃毎日新聞デジタル,フライパンや歯磨き粉の“フッ素”は身体に影響ないの?　水道水から検出、発がん性指摘されるPFASとの違いは? 専門家や業界団体に聞いた,https://news.yahoo.co.jp/articles/57fd94f150c26d9ac4ce6323e80109dfe4eeb9fc,3/31(月) 6:10
2025-03-31,07:06,business,経済,8,乗りものニュース,「歓迎します」→他国艦に向かってズドン！ “礼砲“はなぜ始まった 今のルールは「経費節減」が目的だった!?,https://news.yahoo.co.jp/articles/24403b46c73c305a6813511228cb6765fbed8b9e,3/31(月) 6:12
2025-03-31,07:06,business,経済,9,ファイナンシャルフィールド,引っ越しのため、新居前に停車していたら「緑のおじさん」に駐車違反切符を切られた！「自宅前・荷物の積み下ろし」でも罰金になるの？ 駐車監視員に切符を切られた場合の“効力”とは？,https://news.yahoo.co.jp/articles/d9ca4790787f9267c16259a53f5e2bf84e771629,3/30(日) 16:10
2025-03-31,07:06,business,経済,10,くるまのニュース,ダイハツの「4人乗れる“軽トラ”」に反響あり！「めちゃ買いたい！」「オープン軽トラは面白そう」の声も！ 超レトロな「丸目ライト」の“バスケット”コンセプトは今欲しい1台！,https://news.yahoo.co.jp/articles/717ae834e6c11cc0c413e807759d838a08839259,3/31(月) 6:40
2025-03-31,07:06,business,経済,11,ITmedia ビジネスオンライン,パナソニックは「神様」の呪縛から脱却できるのか　新たに示した組織再編の課題,https://news.yahoo.co.jp/articles/de1ee0a392c837f51d8fd4247a6dfef331f4b650,3/31(月) 5:50
2025-03-31,07:06,business,経済,12,LIMO,厚生年金の保険料、毎月たくさん天引き…65歳から何年間受け取ったら「元」をとれるのか？,https://news.yahoo.co.jp/articles/2e75f9ed27269aa4d2f184173893b6dabffa772b,3/31(月) 5:02
2025-03-31,07:06,business,経済,13,朝日新聞,「令和の百姓一揆」　農家が所得補償求め、都心をトラクターでデモ,https://news.yahoo.co.jp/articles/e90e687131a9289657b1ed48c8d5653beb6ef882,3/30(日) 20:00
2025-03-31,07:06,business,経済,14,くるまのニュース,街乗り“最強クラス”の原付2種！ 原付とは何が違う？ 使い勝手と満足感が“段違い”な「高性能モデル」スクーター比較3選！,https://news.yahoo.co.jp/articles/bdea277c2a6498138a712d311579934c7d9ce6b3,3/31(月) 5:50
2025-03-31,07:06,business,経済,15,乗りものニュース,群馬の「ナナメまっすぐ大幹線」11年越しの4車線化！ ノロノロ解消なるか 高速アクセスかなり向上!?,https://news.yahoo.co.jp/articles/5c33999506268e0977c1babf4f57af986a1453bc,3/30(日) 12:12
2025-03-31,07:06,business,経済,16,くるまのニュース,スバルの新“5人乗り”ハッチバック「インプレッサ」発表！ 全長4.5ｍ級ボディ＆水平対向エンジン搭載！ 黒感UPで超カッコイイ「ST Black S」登場,https://news.yahoo.co.jp/articles/be9ac06d7cc188757e359a0b3869debca7f23ca3,3/30(日) 16:10
2025-03-31,07:06,business,経済,17,スマートモビリティJP,トランプ関税、輸入車一律25％の衝撃。日本や欧州、そして米国の自動車メーカーに与える影響とは,https://news.yahoo.co.jp/articles/1dcde56334684a3ec0a978ea091c43a11e727117,3/30(日) 8:02
2025-03-31,07:06,business,経済,18,FNNプライムオンライン,【物価高】4月から4170品目値上げで“駆け込み”増加…食料品に加えティッシュ・トイレットペーパーも　3月中に買うべきものとは?,https://news.yahoo.co.jp/articles/dee716e388d082b0bde5af45013af9d86ef03cd5,3/27(木) 6:13
2025-03-31,07:06,business,経済,19,ファイナンシャルフィールド,議員が「新幹線の車内販売の炭酸水が160円もして高い」と発信し炎上！ 理由は国会議員は「新幹線のグリーン車がタダ」だから？ 特権とされる「特殊乗車券」について解説,https://news.yahoo.co.jp/articles/69c67461ea61ccb36f9d221ec7aa452911f8c692,3/30(日) 13:30
2025-03-31,07:06,business,経済,20,AUTOCAR JAPAN,【カロッツェリア VREC-MS700D】話題のデジタルミラー型ドライブレコーダーを自分で装着！,https://news.yahoo.co.jp/articles/9c153ede969f125de5f28f8ffcd9462c1281f649,3/30(日) 8:05
2025-03-31,07:06,business,経済,21,くるまのニュース,トヨタ「少し…小さな高級ミニバン」あった！ 5ナンバーサイズで「アルファード風グリル」採用!? ちょうどいいサイズに「豪華インテリア」採用の「エスクァイア」とは何だったのか,https://news.yahoo.co.jp/articles/601049951465c971ddc5f7248f111475e4b025ac,3/28(金) 15:30
2025-03-31,07:06,business,経済,22,ファイナンシャルフィールド,友人に「軽自動車を買いたい！」と話したところ、「なるべく4月に買った方がいいよ」と言われました。4月に買うとなにか「特典」でもあるのでしょうか？,https://news.yahoo.co.jp/articles/85b0ee3a3e0aa01f49ac32843478a5760445e7ac,3/30(日) 15:40
2025-03-31,07:06,business,経済,23,ファイナンシャルフィールド,新幹線に乗る場合、グランクラスなら「待ち時間も快適」と聞きました。家族4人で「東京→金沢」へ旅行するのですが、料金はどれだけ変わるのでしょうか？,https://news.yahoo.co.jp/articles/835f28023d6b8c7f9ad59cf900db7cb0c27f5754,3/30(日) 15:20
2025-03-31,07:06,business,経済,24,くるまのニュース,ホンダ“斬新” スーパースポーツ「ザクシス」がスゴかった！ “モノアームサス”＆リッターVツインエンジン搭載！ 独創的な“前後片持ち式”の「コンセプトバイク」とは,https://news.yahoo.co.jp/articles/7acceed89b4fa439c1b28a485dce72ce642316b2,3/30(日) 20:10
2025-03-31,07:06,business,経済,25,共同通信,為替相場　　31日（日本時間　7時）,https://news.yahoo.co.jp/articles/9f124a37994a80b55327b5602a29e9afbba5e56b,3/31(月) 6:00
2025-03-31,07:06,business,経済,26,ファイナンシャルフィールド,「公務員」というだけで“安定”と思われるのですが、同じ40代で一般企業に勤める会社員と収入はどのくらい違うのでしょうか？,https://news.yahoo.co.jp/articles/8501367ea5af5397a557e0d5db29b2d0fb7ec132,3/29(土) 15:20
2025-03-31,07:06,business,経済,27,食品新聞,ビールなど酒類4月から値上げ　駆け込み需要ピークに　増減税からみ市場は視界不良,https://news.yahoo.co.jp/articles/609036cc29ae655d78a40be826b77bd954cbb6e0,3/28(金) 15:00
2025-03-31,07:06,business,経済,28,ITmedia ビジネスオンライン,ポッカサッポロ「コーン茶」、前年比2倍の伸び　若い女性になぜ売れる？,https://news.yahoo.co.jp/articles/1735d6173df554f378f2b9ec64c62fa1aac864a2,3/30(日) 15:52
2025-03-31,07:06,business,経済,29,みんかぶマガジン,米商務長官「テスラ株を買え」マスク氏支える“異例の推薦”に世界驚愕…独の販売数は前年比71％減,https://news.yahoo.co.jp/articles/0a5dcdf454617620602a6735b5da26686c3b39a9,3/30(日) 9:10
2025-03-31,07:06,business,経済,30,読売新聞オンライン,飢えた子供に栄養支援「１ドル投資で２３ドルの利益」…世界銀行の上級専務理事が訴え,https://news.yahoo.co.jp/articles/a81573734ffc41414079f4ce99faa55f6394c04a,3/31(月) 0:00
2025-03-31,07:06,business,経済,31,ファイナンシャルフィールド,警察官の父は「退官後も仕事には困らない」と言っているのですが、警察OBならではのメリットがあるのでしょうか？,https://news.yahoo.co.jp/articles/6aae028c9b44b6a02d6ec2df4244f54743ae025c,3/29(土) 15:30
2025-03-31,07:06,business,経済,32,ファイナンシャルフィールド,金融所得課税の強化は、NISAをやっている人には関係ないってホント？ 金融所得課税強化の論点を探る。,https://news.yahoo.co.jp/articles/89d47e410382a5c353c800df2acbf4da539525c8,3/30(日) 8:04
2025-03-31,07:06,business,経済,33,バイクのニュース,いったいナゼ？　ハンドルを握るのは4人の孫を持つ日本人女性　ホンダ「スーパーカブ」で世界最速に挑む理由とは,https://news.yahoo.co.jp/articles/d77ff0f1cd54684db4d31c102b435bccc172a39a,3/30(日) 20:55
2025-03-31,07:06,business,経済,34,ファイナンシャルフィールド,春から娘が私立大学に入学しますが「給付型奨学金」の審査に落ちてしまいました…「貸与型」を4年間で240万円ほど借りる場合、毎月の返済はどれくらいになるのでしょうか？,https://news.yahoo.co.jp/articles/20b7277bc4600c65ed7e5ddc51a949aba9aefe6a,3/29(土) 19:20
2025-03-31,07:06,business,経済,35,乗りものニュース,「圏央道でずっーと行く」って遠すぎ？ 進む4車線化 都心経由とどれだけ違う？ “トイレの壁”も解消近し!?,https://news.yahoo.co.jp/articles/90441f44a53097609cd557d423d155843eba3bcf,3/30(日) 17:42
2025-03-31,07:06,business,経済,36,Webikeプラス,【東京MCショー速報】125エンデューロ「COV125X」日本初公開！ モタードも期待のフルサイズオフ【モーターサイクルショー2025】,https://news.yahoo.co.jp/articles/2dfd175fbb49b1f7b7f423a0a0c4baf9385f00cc,3/31(月) 6:03
2025-03-31,07:06,business,経済,37,くるまのニュース,マツダが「小さな高級セダン」を公開へ！ 全長4.5m“ちょうどいいサイズ”に画期的「1.8リッターV6エンジン」搭載！ 美しすぎる“5ナンバーセダン”「ユーノス500」を披露,https://news.yahoo.co.jp/articles/23ceae9887e99e34ecad6719995f2561877e2a14,3/30(日) 19:10
2025-03-31,07:06,business,経済,38,ITmedia ビジネスオンライン,LINEヤフー社長に聞く「フルリモート廃止」の真意　統合を奏功させたチーム作りとは？,https://news.yahoo.co.jp/articles/a1dc5e203651cdc8cc5139805664abe19e5f22d3,3/30(日) 19:30
2025-03-31,07:06,business,経済,39,乗りものニュース,「会津への近道」国道294号の新バイパス開通！ 宿場町の連続急カーブ“ぜんぶ回避” 大型車もラクに,https://news.yahoo.co.jp/articles/98b5d31526bfcd2f2af1ac5afb86ce77e3c7ac9f,3/30(日) 7:42
2025-03-31,07:06,business,経済,40,毎日新聞,トランプ政権の自動車関税　米ビッグ3は株価下落、「唯一の勝者」は,https://news.yahoo.co.jp/articles/3eb04573e08c076e9756f4cfda213cd26b5d97be,3/28(金) 8:49
