scrp_date,scrp_time,genre_en,genre_jp,rank,media_jp,title,link,date_original
2025-07-18,18:10,business,経済,1,ファイナンシャルフィールド,【3万円給付金の申請期限が迫る】まだ間に合う自治体もある？「価格高騰重点支援給付金」の申請をお忘れなく！,https://news.yahoo.co.jp/articles/bba9b7c23cec71c17c868f5452155d34ebdfa371,7/18(金) 14:40
2025-07-18,18:10,business,経済,2,ファイナンシャルフィールド,“5年”乗った「フリード」の残クレが終わります。買い取り価格は「約85万円」と言われましたが「乗り続ける」か「新車に乗り換える」か、どちらが費用を抑えられるのでしょうか？,https://news.yahoo.co.jp/articles/a6b4781f68c521fc04dc44a3a2dcaa11bbf49720,7/18(金) 13:20
2025-07-18,18:10,business,経済,3,ファイナンシャルフィールド,【令和7年最新】全国民に「2万円」を給付!? 新たに検討が進められている「国民一律給付金」について徹底解説！,https://news.yahoo.co.jp/articles/185e59a5dd5bd8a90465c2c800b511accf9bb36b,7/18(金) 11:20
2025-07-18,18:10,business,経済,4,Bloomberg,セブンの消せぬ「買われる」リスク、変革なければまた標的の可能性も,https://news.yahoo.co.jp/articles/2c3d3d4123e4770c4f05923b60e8b6256d4c8e0b,7/18(金) 15:43
2025-07-18,18:10,business,経済,5,みんかぶマガジン,在ロス広告代理店社長「大谷の妻・真美子さんに求められる『暗黙の了解』」…5000円バッグではなくエルメスを,https://news.yahoo.co.jp/articles/aec73078baf14b8fcd0cda3db96c5bde33d1d5c6,7/18(金) 9:10
2025-07-18,18:10,business,経済,6,LIMO,70歳代おひとりさま「平均貯蓄額＆平均年金月額」はいくらか？65歳以上がいる世帯「単身世帯」が最多へ,https://news.yahoo.co.jp/articles/5c4f19793ddd1da238c067dd6f7a460f1c738e2b,7/18(金) 15:07
2025-07-18,18:10,business,経済,7,AV Watch,『劇場版「鬼滅の刃」無限城編 第一章 猗窩座再来』見てきた。今回も期待を超える圧倒的な映像美,https://news.yahoo.co.jp/articles/b7dc22a9b7fe9e77e0668923abc9762ff2e6b26f,7/18(金) 15:29
2025-07-18,18:10,business,経済,8,LIMO,【在職老齢年金制度】新ルール「62万円」へ引き上げで働くシニアにどう影響が？65～69歳の約6割が「66歳以降まで働き続けたい」と回答,https://news.yahoo.co.jp/articles/03ba87a54841caf71c0596ae2115b458f4a71f29,7/18(金) 14:17
2025-07-18,18:10,business,経済,9,共同通信,ソフトバンクが手数料値上げ,https://news.yahoo.co.jp/articles/01ab251c04716f57ed1bc445271f11ec2dddb101,7/18(金) 16:41
2025-07-18,18:10,business,経済,10,ロイター,日本通運、希望退職約300人を募集　経営環境の変化に対応,https://news.yahoo.co.jp/articles/8fe42c6817e894dc339999409b2ac48377db13b9,7/18(金) 16:25
2025-07-18,18:10,business,経済,11,賢者の選択サクセッション,男性営業マン「絶対に売れない」と反対した商品が大ヒット　「女性目線」を商品開発に導入した「4番手」の魔法瓶メーカーの改革,https://news.yahoo.co.jp/articles/88f22b3cef52128fae6da7d379561c07560cc5bc,7/18(金) 6:32
2025-07-18,18:10,business,経済,12,ニュースイッチ,日産工場閉鎖、地元で広がる落胆の声…「甚大な影響が懸念される」,https://news.yahoo.co.jp/articles/6c8545c7ce33f81d8cf78a8a98ce9895da94f712,7/18(金) 15:10
2025-07-18,18:10,business,経済,13,東京商工リサーチ,私立大学の経営、売上トップは (学)順天堂　赤字率 5割に迫る、損益は地域格差が鮮明に,https://news.yahoo.co.jp/articles/bca2699a47172cd86b285c9b7f8477fefd0755d8,7/17(木) 15:13
2025-07-18,18:10,business,経済,14,乗りものニュース,ウクライナで「ドイツ製新防空システム」が火を噴き次々ドローンを撃墜 ミサイルよりはるかに経済的,https://news.yahoo.co.jp/articles/d67e262a7d04265d34db49cbcf72364b77beacf7,7/17(木) 15:12
2025-07-18,18:10,business,経済,15,ファイナンシャルフィールド,来年夫が定年ですが、貯蓄が「1000万円」しかありません。年金だけで生活する場合、貯蓄は何年で底をついてしまうのでしょうか？,https://news.yahoo.co.jp/articles/fee867dd1ff31eb74ba6e43fb94cc24d62c8e2ad,7/18(金) 14:10
2025-07-18,18:10,business,経済,16,LIMO,「生活苦しい」約6割の日本【平均貯蓄額＆平均年収】年代別にいくらか,https://news.yahoo.co.jp/articles/cbbd98dfb88922b0afdd34b859a06df9f5747cdd,7/18(金) 5:27
2025-07-18,18:10,business,経済,17,ファイナンシャルフィールド,大学生の息子が「初任給40万円」の企業を志望！ 親の自分は「年収500万円」ですが、今の初任給ってそんなに高いんですか？“40代の平均年収”も確認,https://news.yahoo.co.jp/articles/60ae90439bf9a1413ae8a7503e28b07f01e17e23,7/18(金) 11:32
2025-07-18,18:10,business,経済,18,TBS CROSS DIG with Bloomberg,「リセッションもどき」が金利上昇を止める “パウエル議長解任騒動”で利下げ観測が高まっても長期金利は簡単には下がらない,https://news.yahoo.co.jp/articles/7232d854b322c172b6ca11244368e511c1b72644,7/18(金) 17:17
2025-07-18,18:10,business,経済,19,くるまのニュース,斬新「ヴェルファイア セダン」発表！ 全長5m超えの“堂々ボディ”＆「豪華な白内装」採用！ まさかの「大排気量V8エンジン」搭載！ ド迫力なNATS「高級セダン」カスタムカーの正体とは？,https://news.yahoo.co.jp/articles/d9b51b35c902e7ea6486144353076e9c8cd3b245,7/17(木) 12:10
2025-07-18,18:10,business,経済,20,AV Watch,実写ドラマ「笑ゥせぇるすまん」本予告。各話出演者も発表,https://news.yahoo.co.jp/articles/17dc905307a89eb20571cc1e0fde49a11504c710,7/15(火) 15:00
2025-07-18,18:10,business,経済,21,くるまのニュース,トヨタ「ルーミー”SUV“」!? 超タフ顔の「スライドドア”ワゴン“」公開！ 全長3.7m級の超小さいボディもイイ「model LMクロスオーバーランド」登場,https://news.yahoo.co.jp/articles/dc0476d0865a7a9efbfad7502fa3ef6bcafd9169,7/18(金) 12:10
2025-07-18,18:10,business,経済,22,くるまのニュース,車内に隠れている「謎の小型ミラー」何に使う？ なかには“気づかない場所”にあることも…運転には使わない？ 知ってトクする「めちゃ便利」な活用方法とは？,https://news.yahoo.co.jp/articles/b73c0b7753c0251d8add5ecea8e13afdb461e232,7/18(金) 14:50
2025-07-18,18:10,business,経済,23,Bloomberg,クシュタール、自らの事業悪化と株価下落足かせに－セブン買収断念,https://news.yahoo.co.jp/articles/8587b943f063b1d4948157810efd76ac42903773,7/18(金) 0:04
2025-07-18,18:10,business,経済,24,食品産業新聞社ニュースWEB,サブウェイ「60周年記念サマーバッグ」発売、ビームスデザインのバッグに商品チケット(5350円相当)ついて税込5000円,https://news.yahoo.co.jp/articles/b99df40747842efed9c324a0fde2024f04a6cf11,7/18(金) 16:58
2025-07-18,18:10,business,経済,25,テレビ朝日系（ANN）,千葉・銚子沖でイワシ3年ぶりの大豊漁　シラスウナギも…今年は安くなる？,https://news.yahoo.co.jp/articles/6410d1bbc7b74ced8d500f61beca188d769debc6,7/18(金) 14:51
2025-07-18,18:10,business,経済,26,Finasee,「最高の老人ホームだと思っていたのに」80代父の“介護拒否”でトラブル勃発…顔面蒼白の娘が頼った最後の砦,https://news.yahoo.co.jp/articles/6497eeaf110ca6af9db9bde3463665b506f06c5a,7/18(金) 11:30
2025-07-18,18:10,business,経済,27,くるまのニュース,東京消防庁「NHK受信料1100万円未払い」何があった？ 「警察・消防はタダにしたら？」「もうスクランブル化すればいい」の声も 全国各地で発覚の「未払」なぜ起こる？,https://news.yahoo.co.jp/articles/2b5032d0473c8ca16ef2276ebea84e4dce862364,7/18(金) 12:20
2025-07-18,18:10,business,経済,28,Bloomberg,参院選、自公過半数割れで想定される４つのシナリオ－政権は正念場に,https://news.yahoo.co.jp/articles/6e24c7d504ef7dd93937138729db8eab78ccd1d9,7/18(金) 6:00
2025-07-18,18:10,business,経済,29,共同通信,総務省、IIJに行政指導　メールアドレス31万件漏れ,https://news.yahoo.co.jp/articles/58d15e17b12942f09addcd5faeae86cde74387e3,7/18(金) 17:26
2025-07-18,18:10,business,経済,30,ファイナンシャルフィールド,友人が「イオン」の株主ですが、毎月の買い物で「年1万8000円」のキャッシュバックがあると言っています。すごくお得に見えますが、いくら株を購入しているのでしょうか？,https://news.yahoo.co.jp/articles/3186f65f1fad946cd89034ad92f4331867c59a75,7/17(木) 13:30
2025-07-18,18:10,business,経済,31,Bloomberg,千代田区が不動産協会にマンションの取引制限を要請－関連株下落,https://news.yahoo.co.jp/articles/8237783aac53edba8dcf65c86e684ce418bf52bb,7/18(金) 15:01
2025-07-18,18:10,business,経済,32,Aviation Wire,JAL A350-1000、10号機が羽田到着　間もなく10機体制に,https://news.yahoo.co.jp/articles/e79fcf86f4c5995a1067fbff196e0c44b89f6a6f,7/18(金) 16:15
2025-07-18,18:10,business,経済,33,ITmedia ビジネスオンライン,「この上司にはもうついていけない」――NECエリート幹部が部下の声に絶望……それでも変われた“5つの当たり前の行動”,https://news.yahoo.co.jp/articles/a5916f9e3ef85b9e2c558c598f1d74e5961c9386,7/18(金) 8:05
2025-07-18,18:10,business,経済,34,LIMO,【国民健康保険料】2025年度は上限が引き上げに《早見表》2025年度「所得別」国民健康保険料はいくら？,https://news.yahoo.co.jp/articles/909a4fac8f3e1204848dbf6767b163ebb8be22c7,7/16(水) 21:37
2025-07-18,18:10,business,経済,35,LIMO,単身シニア世帯「貯蓄4000万円」は何年で底をつく？「年金月額6万円・生活費月15万円」の場合,https://news.yahoo.co.jp/articles/4b6c10eebd553a1a3d657cdc3d6c2ba03fba46d1,7/17(木) 11:37
2025-07-18,18:10,business,経済,36,LIMO,2025年の定額減税補足給付金とは？対象者と主要都市自治体の実施例を紹介！,https://news.yahoo.co.jp/articles/449f12eacc68d5c20d4108d892542888c8c2d19c,7/17(木) 6:17
2025-07-18,18:10,business,経済,37,乗りものニュース,軍人みな注目！ 陸自の「日の丸地対空ミサイル」豪州で2度目の実射 命中までを動画で公開,https://news.yahoo.co.jp/articles/5072a309434c1fedb4926c7e85b4afe0ac70ba67,7/17(木) 11:42
2025-07-18,18:10,business,経済,38,毎日新聞,成果主義より年功序列?　新入社員に変化　6割が終身雇用を希望,https://news.yahoo.co.jp/articles/a1f8fac1077ab9251c283d860bcd4afb1107a839,7/18(金) 16:33
2025-07-18,18:10,business,経済,39,Bloomberg,ラピダスが２ナノ半導体の試作に成功－トップらが迅速な成果強調,https://news.yahoo.co.jp/articles/e7da81a72e13049dbb87089f53591d8c2321b9d8,7/18(金) 14:34
2025-07-18,18:10,business,経済,40,共同通信,総務省、情報漏えいでIIJに行政指導,https://news.yahoo.co.jp/articles/78c7bba45d251359c437c521492b720bd90e1bc8,7/18(金) 16:54
