scrp_date,scrp_time,genre_en,genre_jp,rank,media_jp,title,link,date_original
2024-11-03,01:06,domestic,国内,1,デイリースポーツ,自民惨敗も耳疑う水面下　過半数１８議席不足が→１週間で残り７議席に！？　青山氏解説「石破政権安定しちゃうかも」　正義のミカタ騒然「茶番！」,https://news.yahoo.co.jp/articles/2d57d08e8bceb9ca3b6a1a5571435baa44fff357,11/2(土) 20:44
2024-11-03,01:06,domestic,国内,2,スポーツ報知,田崎史郎氏、今後の政局を予測「何か大変なことになっていくんだろうなという予感がします」,https://news.yahoo.co.jp/articles/9efed678166a61d3e904a5664d51fd979d5a0dcc,11/2(土) 22:43
2024-11-03,01:06,domestic,国内,3,47NEWS,４５人死傷の植松死刑囚が色紙いっぱいに描いた作品　死刑囚１５人の心境や性格を垣間見る表現展,https://news.yahoo.co.jp/articles/92a84d8148142e91f37b44d7a00584e30bc5d0a5,11/2(土) 9:02
2024-11-03,01:06,domestic,国内,4,デイリースポーツ,自民惨敗「高市の乱」　推薦人が多く落選→自民重鎮と面会約束の情報も　岩田明子氏が解説　７日自民総会のＶＳ石破発言が注目,https://news.yahoo.co.jp/articles/331f8151d199d6d665bb528ff0010662f9ae8a5f,11/2(土) 21:54
2024-11-03,01:06,domestic,国内,5,読売新聞オンライン,立憲民主が存在感発揮に苦慮、「野党結集」主導できず…「国民民主に埋没しかねない」と危機感,https://news.yahoo.co.jp/articles/670697aaa4a613592d6022ee70737e1e58bd3f7d,11/2(土) 21:53
2024-11-03,01:06,domestic,国内,6,テレビ朝日系（ANN）,酒を飲ませ知人女性に性的暴行か　カナダ国籍の会社役員を逮捕　千葉県警,https://news.yahoo.co.jp/articles/587bdebae10a29240b49ab4d926e8ea67e01a0eb,11/2(土) 21:52
2024-11-03,01:06,domestic,国内,7,よろず～ニュース,高須院長、兵庫県知事選の選挙公報を称賛！NHK党・立花氏、斎藤氏との並びに「素晴らしいレイアウト」,https://news.yahoo.co.jp/articles/36e10bfc4d5a1c2efe20f92e73172b1727196deb,11/2(土) 20:40
2024-11-03,01:06,domestic,国内,8,弁護士JPニュース,「年収103万円の壁」は“誤解だらけ”…実は「130万円の壁」のほうが重要？　壁“引き上げ”の「知られざる問題点」【弁護士解説】,https://news.yahoo.co.jp/articles/8ed1b3c56607169aa643e4cc095f7a8678144aeb,11/2(土) 9:20
2024-11-03,01:06,domestic,国内,9,共同通信,新幹線「すぐ止まる」恨み節も　駅で足止め、利用客うんざり,https://news.yahoo.co.jp/articles/0126dadb23f67d8eb36d647db9b35a95a2ac9eb6,11/2(土) 17:45
2024-11-03,01:06,domestic,国内,10,産経新聞,兵庫知事選で斎藤氏「いろんな方から辞めろと…ずっと一人ぼっち」雨中の演説で本音ポツリ,https://news.yahoo.co.jp/articles/1e7aaf145e2c23bf6f52fd7ebe99025c4da3a0c2,11/2(土) 19:57
2024-11-03,01:06,domestic,国内,11,毎日新聞,「名古屋は雨降っていないのに…」　新幹線運転見合わせで利用客困惑,https://news.yahoo.co.jp/articles/0acb1da61b82d02d07bc8db3b21acc0231ff96e2,11/2(土) 11:35
2024-11-03,01:06,domestic,国内,12,中日スポーツ,「私が外国出身であるとか…」 河野太郎議員、デマ拡散・誹謗中傷に開示請求 「今後は必要に応じて法的措置」と警告,https://news.yahoo.co.jp/articles/c751eeb5c9bd4dcd824618cb2eeda61440fac366,11/2(土) 19:13
2024-11-03,01:06,domestic,国内,13,デイリースポーツ,「国民民主は裏自民党に」首班指名決選投票の選択による可能性　選挙コンサルが指摘「２回目が無効票になれば」,https://news.yahoo.co.jp/articles/7a72df75ad6db808af092a703304280ca2ee4cb5,11/2(土) 15:15
2024-11-03,01:06,domestic,国内,14,tvkニュース（テレビ神奈川）,老人ホームで入居者の女性を刃物で刺し殺害か　入居者の男を逮捕,https://news.yahoo.co.jp/articles/682a027f5f667b907ec0856bae17326d21aad11a,11/2(土) 22:45
2024-11-03,01:06,domestic,国内,15,TBS NEWS DIG Powered by JNN,5歳男児が転落死　マンション5階から誤って転落か　東京・調布市,https://news.yahoo.co.jp/articles/6d275e65033ddcccd9cc27dd6a29e37671e9ae76,11/2(土) 18:36
2024-11-03,01:06,domestic,国内,16,読売テレビ,【独自解説】日本人がホテルに泊まれない!?インバウンド需要で高騰するホテル代に悲鳴！専門家指摘「こうなることは以前から予想されていた」,https://news.yahoo.co.jp/articles/71a710d4845f96b562aace5bf546570a43db0882,11/2(土) 20:00
2024-11-03,01:06,domestic,国内,17,読売新聞オンライン,コンビニトイレ利用者１００人以上を動画で盗撮、５６歳男を起訴,https://news.yahoo.co.jp/articles/a54be60f5e2bf5fdbc40c1d70b7ba74ec89fac66,11/2(土) 21:17
2024-11-03,01:06,domestic,国内,18,読売テレビ,【いまだ逃走中】「毎日『八田逮捕』の知らせを待っていました」遺族の願いも虚しく…八田與一容疑者の『重要指名手配』継続・『捜査特別報奨金』期限延長が決定　「凶器を車に変えただけで、これは完全な殺人だ」あの日、一体何が―,https://news.yahoo.co.jp/articles/757ed38e68f02825045289ae4edea8edafe05f6c,10/26(土) 10:00
2024-11-03,01:06,domestic,国内,19,朝日新聞デジタル,夫子は住居10階、妻だけ7階　殺人容疑の妻、不満募らせ事件か,https://news.yahoo.co.jp/articles/47ae56dade0e3c573d6f9cb634f143fe78c7304e,10/27(日) 5:00
2024-11-03,01:06,domestic,国内,20,共同通信,国民、政権延命協力せず　玉木氏「政策本位」強調,https://news.yahoo.co.jp/articles/149a56e6e8e66915bde57e9911be960c093300e4,11/2(土) 23:46
2024-11-03,01:06,domestic,国内,21,産経新聞,「生きてたのか」山口組組長射殺の指示役逮捕　山一抗争、銃撃された捜査員36年目の独白,https://news.yahoo.co.jp/articles/3eb1e3c9ec11c088d589c95e55838739f4c55e18,11/2(土) 20:00
2024-11-03,01:06,domestic,国内,22,TBS NEWS DIG Powered by JNN,「メディアが選挙期間中にもっと報道すれば、投票率も違う」放送時間は20年で半減…選挙報道とテレビの役割を検証【報道特集】,https://news.yahoo.co.jp/articles/92cc64a3058d9c70fe85a6e378f26ec944933b25,11/2(土) 20:54
2024-11-03,01:06,domestic,国内,23,産経新聞,兵庫県知事選「事実上応援できるのは…」　立民と国民は稲村氏を支援へ,https://news.yahoo.co.jp/articles/53cb668f383d680039112e55eb210a83d5c228a0,11/2(土) 17:53
2024-11-03,01:06,domestic,国内,24,時事通信,「外で会いたくないと言われた」　客の男、不満募らせたか　新橋女性刺殺・警視庁,https://news.yahoo.co.jp/articles/3b302625a1c6c7575d9f900ab98a0ae75baaf471,10/30(水) 7:10
2024-11-03,01:06,domestic,国内,25,関西テレビ,連立政権「100%全部合意しないとつくれないわけではない」立憲・辻元代表代行,https://news.yahoo.co.jp/articles/ece2861ceff48a52c2fb2009997b9a8ccba3ecc7,10/28(月) 20:19
2024-11-03,01:06,domestic,国内,26,デイリースポーツ,石破内閣　最速来年２月「沈没」説　岩田明子氏が政局予想　石破おろしで終わらない　不信任案＆造反で→自民政権転覆も,https://news.yahoo.co.jp/articles/8cb415efb9048a8e01c48efdad91a7a9e2e54413,11/3(日) 0:32
2024-11-03,01:06,domestic,国内,27,TBS NEWS DIG Powered by JNN,"「おでん」にブルーチーズをトッピング?500円で食べ放題?新しい“おでんスタイル”が人気【THE TIME,】",https://news.yahoo.co.jp/articles/377278707fe1b0edaa0ee05863ee96252fcf3d62,11/2(土) 8:02
2024-11-03,01:06,domestic,国内,28,TBS NEWS DIG Powered by JNN,「声を出したら殺すぞ」路上で女性にわいせつな行為をしてけがをさせたか　20歳男を逮捕　警視庁,https://news.yahoo.co.jp/articles/11ec48a1ae55375ccde3871f6651bfcefb6a596a,10/31(木) 12:24
2024-11-03,01:06,domestic,国内,29,デイリースポーツ,石破茂首相　７日に修羅場　自民惨敗責任詰められ身内に「フルボッコ」にされる　誰が元凶？　岩田明子氏が指摘,https://news.yahoo.co.jp/articles/9e59f739aa6d5c993b82dac354055fe97fc3014e,11/2(土) 16:52
2024-11-03,01:06,domestic,国内,30,読売新聞オンライン,「エンジンカッターで首切った」通報、土管切断工事中の男性死亡,https://news.yahoo.co.jp/articles/76b445d493bfb4bed1c3ec7fbe82c173bd5ef419,11/2(土) 16:50
2024-11-03,01:06,domestic,国内,31,読売新聞オンライン,知人の高校生を包丁で切り付け、殺人未遂容疑で１６歳少年を緊急逮捕…「殺すつもりだった」,https://news.yahoo.co.jp/articles/a0b6f119f92f541cd4d0bdcda84426b3450e072b,11/2(土) 19:28
2024-11-03,01:06,domestic,国内,32,夕刊フジ,「軍事オタク」石破首相が自衛隊に入隊したら…「せいぜい3佐止まり」「宰相の器」ではない　自民党を仕切るには荷が重すぎか,https://news.yahoo.co.jp/articles/748118c59bfb44db22fae3637943cb0c67919ec5,11/2(土) 17:00
2024-11-03,01:06,domestic,国内,33,朝日新聞デジタル,靴を脱いで水の中を歩く乗客も　開業したばかりの松山駅、大雨で浸水,https://news.yahoo.co.jp/articles/de47b47238180e86cacad268c37fe1ad2f94d164,11/2(土) 16:01
2024-11-03,01:06,domestic,国内,34,デイリースポーツ,金子恵美氏　落選議員が恨み骨髄の自民党幹部の名前「不満の声は相当上がってますよ」,https://news.yahoo.co.jp/articles/28265af941cb54f67f51e1333a1b0492f244e30b,11/2(土) 13:41
2024-11-03,01:06,domestic,国内,35,よろず～ニュース,立花孝志氏が男泣き「斎藤元彦さんは圧勝しないといけない」兵庫県知事選第一声、異例ポスターも披露,https://news.yahoo.co.jp/articles/c0edc8cf658ca20093ba6a9c41b9d14aab9beb8b,10/31(木) 14:17
2024-11-03,01:06,domestic,国内,36,テレビ朝日系（ANN）,国民民主の交渉役・榛葉幹事長　「趣味は玉木雄一郎」　ヤギ飼育　プロレス愛も,https://news.yahoo.co.jp/articles/b8306eb976409a4d330877f93bd79748e67760aa,11/2(土) 12:24
2024-11-03,01:06,domestic,国内,37,毎日新聞,老人ホームで92歳女性死亡　殺人容疑で81歳入居者を逮捕　川崎,https://news.yahoo.co.jp/articles/59606066b25bba88730fdafe968ca8c34bdd40e4,11/2(土) 22:47
2024-11-03,01:06,domestic,国内,38,テレビ朝日系（ANN）,高齢者施設で120人以上が食中毒　原因は「ウエルシュ菌」か　神奈川・藤沢市,https://news.yahoo.co.jp/articles/644a58d5e03618949bb1cca50fffb977b2413934,11/2(土) 20:08
2024-11-03,01:06,domestic,国内,39,スポーツ報知,三谷幸喜氏、園遊会の思い出語る「１万円くらいしたんですよ、ビニール傘が」,https://news.yahoo.co.jp/articles/b89063d73363e513ba8787e9f7577caa771f1193,11/2(土) 23:31
2024-11-03,01:06,domestic,国内,40,日刊スポーツ,国民・玉木雄一郎代表「おわびをしなければいけない」他党に３議席譲り…田崎史郎氏もツッコミ,https://news.yahoo.co.jp/articles/874b6c54d38056c3c09c3ff53d2cfde91b12daff,10/29(火) 12:48
