scrp_date,scrp_time,genre_en,genre_jp,rank,media_jp,title,link,date_original
2025-10-08,04:06,life,ライフ,1,ねとらぼ,クマが生息している都道府県に色を塗ってみたら……　「意外すぎた」まさかの結果に「えっ……本当？」「不思議だ」,https://news.yahoo.co.jp/articles/aa85da5073951ea53efa6b2f403e8f6056595e03,10/7(火) 19:30
2025-10-08,04:06,life,ライフ,2,ねとらぼ,ボーボーの雑草→透明な板と黒い袋をのせたら……「あ、うそ！」　翌日、まさかの光景に「意外でした」「やってみます」,https://news.yahoo.co.jp/articles/c68da7e50efe238018cd3a629127c571fb3577df,10/7(火) 22:05
2025-10-08,04:06,life,ライフ,3,東京バーゲンマニア,「ホットドッグ」半額に、「からあげクン」増量も！今週のコンビニ4社のキャンペーンがどっさり。《10月7日時点》,https://news.yahoo.co.jp/articles/a094ff63c389466a5f718ca03350b9021509cb1e,10/7(火) 16:56
2025-10-08,04:06,life,ライフ,4,まいどなニュース,新婚ほやほや女優　やや難読の名字の起源は？　 江戸時代には旗本だけで16家が名乗った名門,https://news.yahoo.co.jp/articles/b2bbdc0910fd2b4cdaa0da1e49c8a5dfaf5c67c9,10/5(日) 11:00
2025-10-08,04:06,life,ライフ,5,Hint-Pot,キノコに賞味期限の記載がないのはなぜ　実は傷みは早い　やってはいけない保存方法を栄養士が解説,https://news.yahoo.co.jp/articles/775a808a6e38ef071fee5b0a1f42b0b9c1c591e3,10/7(火) 13:29
2025-10-08,04:06,life,ライフ,6,婦人公論.jp,三國清三「グループ店で原因不明の集団食中毒が発生。落ち度が見つからず納得できなかったけれど、それでも営業停止処分を受け入れたワケは…」,https://news.yahoo.co.jp/articles/c923296c2bd38b02df35a711f269ea1f95806741,10/7(火) 12:30
2025-10-08,04:06,life,ライフ,7,BuzzFeed Japan,サッと羽織るのにちょうどいい！ユニクロの「高見えカーディガン」スタイルよく見えるし、気温差のある日にもぴったりです！,https://news.yahoo.co.jp/articles/fdd5a1802af41f057c4646331ca865c44ccca5a4,10/5(日) 12:35
2025-10-08,04:06,life,ライフ,8,産経新聞,自民党・高市早苗総裁が22年乗った愛車スープラを展示している奈良の博物館に来場者４倍,https://news.yahoo.co.jp/articles/910d57f5e342346d15095d0927a6481c6f5267ce,10/7(火) 17:53
2025-10-08,04:06,life,ライフ,9,婦人公論.jp,ツキノワグマに大怪我を負わされた群馬県の男性。襲われた現場では、近年明らかな変化が起きていて…「遠目に見たことは何回もある。だけど実際に接触したのは初めて」,https://news.yahoo.co.jp/articles/8704ad879163edcbcc02e07784f10561f7870006,10/3(金) 12:31
2025-10-08,04:06,life,ライフ,10,読売新聞オンライン,「結婚しよう」内定式で出会ってすぐ話しかけてきた同期入社の夫…5代目社長と副社長になり二人三脚で経営,https://news.yahoo.co.jp/articles/ce340046c373954467bc5efff42b1450e40df368,10/7(火) 11:32
2025-10-08,04:06,life,ライフ,11,ほ・とせなNEWS,孫のためにお昼ご飯を作った祖母　孫が絶賛したその内容に「無償の愛で泣ける」「おばあちゃんに会いたくなった」「もう一生推す」,https://news.yahoo.co.jp/articles/6a70a99ab041f592fcc868f089954af63bcf1b42,10/6(月) 19:00
2025-10-08,04:06,life,ライフ,12,ENCOUNT,小泉進次郎氏、総裁選“本当の敗因” 「こんなこと言っちゃいけない」プロが呆れたステマ問題の最悪対応,https://news.yahoo.co.jp/articles/85a792168141373c7e03440e0248f1492194a556,10/7(火) 17:10
2025-10-08,04:06,life,ライフ,13,OTONA SALONE,「家がない」だけで捕まって佐渡島で地獄の重労働、半永久的に強制されて命を落とす。定信と平蔵が作った「人足寄場」の驚くべき実態とは,https://news.yahoo.co.jp/articles/94c72c641ef3476390b9139b19e94a0509abacf1,10/7(火) 21:10
2025-10-08,04:06,life,ライフ,14,Hint-Pot,「誰もしていないから本当に驚いたの」　オーストラリア人が驚愕　日本で「一番のカルチャーショック」だったこととは,https://news.yahoo.co.jp/articles/3f004152cfa8dc72a60668dfe4ebf2995bb2c20c,10/7(火) 11:18
2025-10-08,04:06,life,ライフ,15,ENCOUNT,「アウトです」　牛丼店で外国人客が帰った後の“ごみ放置”にあ然…別の客が後片付け「どうしてこうなる？」,https://news.yahoo.co.jp/articles/53b50e11ec27250e6182f17862e58046d40ccc87,10/7(火) 9:20
2025-10-08,04:06,life,ライフ,16,ねとらぼ,古いラーメン店のお釣りでもらった50円玉→よく見ると……　“貴重な1枚”が1100万表示「初めて見た!!」「歴史ある店は一味違うな」,https://news.yahoo.co.jp/articles/f94aa3ddacc5df03e7ef9f90332acffbbdced295,10/6(月) 11:02
2025-10-08,04:06,life,ライフ,17,ねとらぼ,お人形さんのような4歳少女→20年後……　とんでもない成長姿に反響「美しい」「女神になった」【海外】,https://news.yahoo.co.jp/articles/951def4a6921c133c1249eb37ddedf31c31d4784,10/7(火) 20:45
2025-10-08,04:06,life,ライフ,18,LASISA,【片親パン 問題】に「二度とそんな名前で呼ぶな」…！　メーカーの知られざる “思い” 知ったSNS、「愛しかない」「今もう無性に食べたい」,https://news.yahoo.co.jp/articles/e80f54a49cdec574cae3021cc90ebfa4604985a0,10/7(火) 14:15
2025-10-08,04:06,life,ライフ,19,ねとらぼ,砂浜で光る“何か”を発見→木の棒で掘ったら……　「ええっ！」まさかの正体に「初めて見た」と137万再生,https://news.yahoo.co.jp/articles/140bb0ebde69696b2e01a5cf9a606b3ee786a56a,10/6(月) 19:15
2025-10-08,04:06,life,ライフ,20,ねとらぼ,江口寿史、トークショー中止を発表　SNSで“トレパク指摘”が相次ぎ各企業が声明　「今後一切使用しない」「事実関係を精査」対応に追われる,https://news.yahoo.co.jp/articles/a639e38929ea0a4c56a32531df92ba3be44f71fe,10/7(火) 17:39
2025-10-08,04:06,life,ライフ,21,ハフポスト日本版,ラブブの次はコレだ。 IVEウォニョンやXG、セレブが注目するPOP MART発のキャラクターとは？,https://news.yahoo.co.jp/articles/7105d1381cb8260e6119758ae1278b70858816f8,10/7(火) 18:10
2025-10-08,04:06,life,ライフ,22,LIMO,ホテルスタッフが「盗難と認識されます」と注意喚起　ホテル側にとって「迷惑になるNG行為」とは,https://news.yahoo.co.jp/articles/b3a6e26d35743e669daf13ab26260def2eb7de04,10/7(火) 6:31
2025-10-08,04:06,life,ライフ,23,ねとらぼ,「ラス1買えました」　カルディの“新色エコバッグ”が大人気　「汚れたら洗えるし本当に優秀」「カルディのエコバッグが一番使いやすい」,https://news.yahoo.co.jp/articles/08814c6e0a11c019bf08d903f2fb092274e38b5b,10/7(火) 13:10
2025-10-08,04:06,life,ライフ,24,ねとらぼ,「出る度に売り切れでやっと買えた」　カルディの“ミニチュアバッグ”が大人気　「お財布がわりにもいい」「割と収納力ある」,https://news.yahoo.co.jp/articles/2022bb1f4e6d7a24bbf5408c591b51f6cec07861,10/6(月) 21:30
2025-10-08,04:06,life,ライフ,25,ねとらぼ,「ミャクミャクかわいい…」　万博×アーバンリサーチの“総柄トート”が今なら買える！　「結構大きくて軽い」「これで万博行く」,https://news.yahoo.co.jp/articles/8a09c8f1b8323d0567ec3f337185711006691341,10/7(火) 19:20
2025-10-08,04:06,life,ライフ,26,FNNプライムオンライン,市川團十郎さん（47）、長女・ぼたんさん（14）、長男・新之助さん（12）御嶽山麓で植樹　志賀高原で10年以上行われた「ABMORI」2026年から長野県木曽町で,https://news.yahoo.co.jp/articles/beb6ef18544293f50c80c50d0af8eb1987996323,9/25(木) 12:03
2025-10-08,04:06,life,ライフ,27,オリコン,万博、10・13「閉会式」式次第が公開　出席者・パフォーマンスプログラムなど明らかに【一覧】,https://news.yahoo.co.jp/articles/88e0f77c4abc5f0c0e51de8f10b55da83fd599e4,10/7(火) 20:55
2025-10-08,04:06,life,ライフ,28,ねとらぼ,車の中にハチが！→慌てて目で追うと、キラリと輝き……　まさかの正体に「初めて見た」「羨ましい限り」,https://news.yahoo.co.jp/articles/e7936c083839abcb61428ee79d946f467960dd76,10/7(火) 19:15
2025-10-08,04:06,life,ライフ,29,ねとらぼ,【マクドナルド】3歳娘「そぇ、なぁにぃー？」→ママ「からいからいだよ」　まさかの正体に爆笑　「私もよく使った」「あるある笑」と共感の声,https://news.yahoo.co.jp/articles/28ce332fae2c6ba8d1da08f1bf1baae848295997,10/7(火) 20:00
2025-10-08,04:06,life,ライフ,30,ねとらぼ,おばあちゃんと寄り添う、あどけない孫娘→22年後……「これは涙出る」　“同じ構図”で再現した、現在の姿に反響【海外】,https://news.yahoo.co.jp/articles/e459dba8e57b36e326c7b7524a29388902d6cac4,10/7(火) 22:00
2025-10-08,04:06,life,ライフ,31,ねとらぼ,「リピ買いしてます」ワークマンの“ゴルフシューズ”が高評価！　「今まで使ってきた中で最強！」「ゴルフ初心者にピッタリ」,https://news.yahoo.co.jp/articles/2ea8dc3aee38d73713af929897aa44f52fc18645,10/7(火) 20:20
2025-10-08,04:06,life,ライフ,32,ENCOUNT,「高市さんは車好き」自動車ファンが新総裁を大歓迎　“愛車”はスープラ…自動車税見直しに期待,https://news.yahoo.co.jp/articles/dae21e4cb15618cca1a65d46f370dc8311a10a2e,10/4(土) 20:50
2025-10-08,04:06,life,ライフ,33,まいどなニュース,「生きてるだけで痩せました」110kg→61kg…3年で49kg減量に成功した女性　父の脳梗塞きっかけ、7時間睡眠から始めた“習慣化ダイエット”,https://news.yahoo.co.jp/articles/95a588b71eab96cc3306e05bee3e07fd87423805,10/6(月) 6:30
2025-10-08,04:06,life,ライフ,34,ねとらぼ,「10枚以上買いました」　IKEAの“249円バッグ”が便利すぎる　「自立するしマチもあって結構入る」「内容量はレジカゴ1つ分」,https://news.yahoo.co.jp/articles/b756240de27b90c2fcba194ff328d19bcdcaade4,10/7(火) 20:00
2025-10-08,04:06,life,ライフ,35,産経新聞,落合陽一さんが目指す物語の継承　万博から移設されるパビリオンたち　経済ヨコからナナメから,https://news.yahoo.co.jp/articles/230685a85e1df8c735d7a36a3396ed1ea69e0f32,10/8(水) 0:00
2025-10-08,04:06,life,ライフ,36,ねとらぼ,中途半端に余った毛糸で小さなお花をちょこっと編むと……　驚きの“活用術”に「すごいアイデア」「感動しちゃった」【海外】,https://news.yahoo.co.jp/articles/669a47be87695aa97068ad0f2c795e8cfc0174b8,10/7(火) 8:45
2025-10-08,04:06,life,ライフ,37,ねとらぼ,「もっと早く買うべき一品でした」スタバの“コーヒーメーカー”が人気　「お店で一目惚れ」「紅茶もコーヒーもステキに楽しめる」,https://news.yahoo.co.jp/articles/fdf1fe7047b4c3b4d254867e706968b3ceeb6220,10/7(火) 21:15
2025-10-08,04:06,life,ライフ,38,BuzzFeed Japan,体型を気にせず着られる！cocaの「楽ちんスウェット」古着っぽいデザインで、1枚だけでもコーデがさまになります！《着用レビュー》,https://news.yahoo.co.jp/articles/61712c9923fa97a91bd2744b4e483bfbb97e679c,10/7(火) 12:35
2025-10-08,04:06,life,ライフ,39,ねとらぼ,「本当に軽く感じて驚いた」ANAの“超軽量リュック”が高評価　「二泊くらいの旅行なら十分な容量」「持った瞬間、これこれ！と思える」,https://news.yahoo.co.jp/articles/fd6b95ac6f74484adb6f053e2f55c7b068fa208c,10/6(月) 20:50
2025-10-08,04:06,life,ライフ,40,ねとらぼ,水族館「困りますお客さま！」→閉館時間になっても帰らない“常連さん”が110万表示「どうやってそこに……」「ゾワッとした」,https://news.yahoo.co.jp/articles/9a8c7b1b15b2e78cebb36e4fdcc03091031952d9,10/7(火) 14:30
