scrp_date,scrp_time,genre_en,genre_jp,rank,media_jp,title,link,date_original
2025-08-26,07:07,life,ライフ,1,ねとらぼ,夫に子どもの寝かしつけを頼んだ妻、うっかり3時間寝てしまい……「起きたらこれ」→まさかの光景に「涙出そう」と460万再生,https://news.yahoo.co.jp/articles/86d3e5c503a3516f706e58b21aa5359a0119a7d7,8/25(月) 20:00
2025-08-26,07:07,life,ライフ,2,ほ・とせなNEWS,バスで…「妊婦アピールするな」マタニティマークを非難する乗客　→まさかの救世主に「心から救われた」「ありがとう」,https://news.yahoo.co.jp/articles/3c56c0d5bc8b2b0b6f98939f2eac3fd49f899f67,8/25(月) 23:23
2025-08-26,07:07,life,ライフ,3,ねとらぼ,美容室で途中“おかっぱヘア”にされるも……　まさかの仕上がりに「やられた」「こんなに変わるんですね！」と429万再生,https://news.yahoo.co.jp/articles/677142c4d6155b27494607a0817e8b3163cc7ecc,8/25(月) 19:00
2025-08-26,07:07,life,ライフ,4,ほ・とせなNEWS,突然、臨時休業したおむすび屋　→その理由に「可愛すぎて涙腺崩壊」「この紙捨てられない」「3日じゃ足りませんね」,https://news.yahoo.co.jp/articles/a441c2f52f8025a77ea180061302fc8cd7ae4b57,8/25(月) 20:00
2025-08-26,07:07,life,ライフ,5,LIMO,三重県で目撃された「半分に割れた夕空」　合成を疑ってしまうほど不思議な光景に衝撃,https://news.yahoo.co.jp/articles/4264c2473505eb9c163f770031a9bf2ab8382dea,8/26(火) 5:16
2025-08-26,07:07,life,ライフ,6,Hint-Pot,「もったいなくて」　イギリス人がせっかく日本へ来たのに残念に思うこと　友人から「試してみれば？」と提案されたものとは,https://news.yahoo.co.jp/articles/f61b9f5f55a02a4795853219421e8a723b4f6c99,8/26(火) 5:00
2025-08-26,07:07,life,ライフ,7,LIMO,イオンの「スヌーピー75周年エコバッグ」が可愛くて便利！「小さくたためて持ち運び楽々」限定デザインが「1738円」,https://news.yahoo.co.jp/articles/a0bae0afa1c5dff30e581975b9a90225a297d148,8/25(月) 10:46
2025-08-26,07:07,life,ライフ,8,ねとらぼ,海で泳いでいたら、謎の“でかい生き物”を見かけて……「え!?」　まさかの正体に「そんなことある？」「かわいい」,https://news.yahoo.co.jp/articles/4847383ad24664c6705d6b78811465072b03b969,8/25(月) 21:00
2025-08-26,07:07,life,ライフ,9,ハフポスト日本版,「プラ」と書かれた保冷剤⇨「プラ資源で捨てないで」。なぜ？ゴミ清掃芸人が「正しい捨て方」を発信,https://news.yahoo.co.jp/articles/7b58eb67bd2b828270d503cf0036144354c027cd,8/26(火) 6:30
2025-08-26,07:07,life,ライフ,10,ほ・とせなNEWS,双子の1人におやつを2つあげたら…直後のまさかの行動に「えー！凄いですね！」「かわいい、尊い」「もうわかるんですね」「見習うべき姿」,https://news.yahoo.co.jp/articles/dfeb5c51a1a54c5320dbc2752aea33ad5b996085,8/26(火) 6:00
2025-08-26,07:07,life,ライフ,11,ファイナンシャルフィールド,妻は夏場トイレの「暖房便座」をオフにします。節約のためというのですが、実際そんなに電気代がかかるものでしょうか？,https://news.yahoo.co.jp/articles/8b9d0758f420e7b38abd5286cef48d14099ed1b9,8/25(月) 14:40
2025-08-26,07:07,life,ライフ,12,読売新聞オンライン,飲酒運転事故で3児亡くした母、事故後に生まれた4人の子どもたちに背中押され「命の大切さ」伝える決意,https://news.yahoo.co.jp/articles/cbed8b5d911331a23c34c11c807954d788e09125,8/25(月) 11:14
2025-08-26,07:07,life,ライフ,13,LIMO,元自衛隊員による「リュックの暑さ対策」　リュックに装着された「意外なもの」に驚き,https://news.yahoo.co.jp/articles/659b81dd0267dad564a19c2aba89e10e1e3d4d94,8/26(火) 6:36
2025-08-26,07:07,life,ライフ,14,Hint-Pot,「アメリカでは行かないけれど日本に来てから毎日」　アメリカ人が「最高すぎる！」と大絶賛する場所とは,https://news.yahoo.co.jp/articles/3789a615ede5b513d523aa9e99899563232c74ab,8/24(日) 5:00
2025-08-26,07:07,life,ライフ,15,ねとらぼ,「知らなかった」　シャトレーゼが販売している“予想外の商品”にネット衝撃　「そうなの??」「夫に伝えます」,https://news.yahoo.co.jp/articles/3751a64faee4e204d14d1d8a2475f060a535c5c1,8/26(火) 6:30
2025-08-26,07:07,life,ライフ,16,ねとらぼ,「最初からこれ買っとけばよかった」ロゴスの“保冷力抜群トート”が大好評！　「500mlペットボトルが横に4本入り便利」「大阪万博の暑さ対策で活躍」,https://news.yahoo.co.jp/articles/cc4f4d4c9f5dc721d30e9699e326a29ee7869917,8/25(月) 22:00
2025-08-26,07:07,life,ライフ,17,ねとらぼ,「この夏最後に行きたい！」　800駅訪問した道の駅マニアが選ぶ「夏おすすめのレジャーが楽しめる道の駅」,https://news.yahoo.co.jp/articles/b37abb7e4b9a83fc292eb180e6f2328ee25a93dd,8/25(月) 20:00
2025-08-26,07:07,life,ライフ,18,毎日新聞,襲撃したクマは有名な「岩尾別の母さん」　愛好家「距離感まひした」,https://news.yahoo.co.jp/articles/1fec9a025615cf267d3efedbf4cdae79e6ade707,8/25(月) 11:47
2025-08-26,07:07,life,ライフ,19,産経新聞,新型コロナ9週連続で拡大、背景に新変異株「ニンバス」　のどに激しい痛み,https://news.yahoo.co.jp/articles/252ff708162f3df67b376dfb7b84e71c46225407,8/25(月) 20:54
2025-08-26,07:07,life,ライフ,20,CBCテレビ,「逆流性食道炎は左向きに寝ると改善？」医学博士が解説！50歳以上の男性は要注意…逆流の原因と対策とは？,https://news.yahoo.co.jp/articles/709591e62a3a9142e570fc16d7a8531fb45db04b,8/26(火) 6:10
2025-08-26,07:07,life,ライフ,21,ファイナンシャルフィールド,寝苦しいので毎晩エアコンを「弱」に設定して寝ています。「自動」の方が電気代が“3割”も安いと聞いたのですが、本当ですか？,https://news.yahoo.co.jp/articles/29afbb2bad74b1ffcb75e8f8f10f7260e8614f4c,8/25(月) 13:40
2025-08-26,07:07,life,ライフ,22,LIMO,「もっと早く買えば良かった」ニトリ〈フローリングワイパー〉で家中キレイ！「想像以上にゴミがとれる！」と高評価も,https://news.yahoo.co.jp/articles/dbd3c7e350e1d760a0a1d70766fc700da007cec8,8/25(月) 9:31
2025-08-26,07:07,life,ライフ,23,LIMO,「1320円で冷たさキープ」3COINSの「ストラップ付きペットボトルクーラー」が話題！「SNSでも絶賛」「WEB限定カラーも」,https://news.yahoo.co.jp/articles/40fa9eae3325851252804c7eb7788f5475de0a25,8/26(火) 5:46
2025-08-26,07:07,life,ライフ,24,ねとらぼ,「いつ電池なくなるん」→40年ずっと使っている“意外な家電”に衝撃「うそでしょ？」「物持ちが良くて尊敬」と240万表示,https://news.yahoo.co.jp/articles/4009e94bcb9d4fe6e7a24ce8ca91dd987328797a,8/25(月) 14:30
2025-08-26,07:07,life,ライフ,25,ねとらぼ,そうはならんやろ　子ども用塗り絵を大人が本気で描くと……　「レベルがすごすぎる」驚きの完成品に称賛,https://news.yahoo.co.jp/articles/c24be5e6b4240bf502487e1093fcd6ff073f0f79,8/25(月) 21:15
2025-08-26,07:07,life,ライフ,26,ねとらぼ,「スマホショルダーとして使える」無印の“1290円サコッシュ”がめっちゃ便利！　「スマホと最低限のものを持って歩くのにいい」「インナーバックとして愛用中」,https://news.yahoo.co.jp/articles/d97ee07d01c5033c7f61cf7e99ed408db7372963,8/24(日) 20:10
2025-08-26,07:07,life,ライフ,27,まいどなニュース,玄関にいた犬さん「信楽焼のたぬきと言われました」その姿に「似すぎて二度見した」「どっちも置き物にしか見えない」,https://news.yahoo.co.jp/articles/b06930bdcf1cafd54f938c72f9e0159895683802,8/25(月) 16:10
2025-08-26,07:07,life,ライフ,28,ねとらぼ,「長財布やペットボトルが入る」　レスポートサックの“箱型ミニショルダーバッグ”が人気！　「軽くてポケットも多くて大好き」「小さめ2WAYで使い勝手最高」「すごくかわいい」,https://news.yahoo.co.jp/articles/43a7e824683b79d4f5add0666a068846fe2b8d99,8/25(月) 15:30
2025-08-26,07:07,life,ライフ,29,ねとらぼ,4700円のしまむら浴衣と、12万円の高級浴衣→着物のプロが比べると……　驚きの結果に「わぁ」「こんなにも分からないなんて」,https://news.yahoo.co.jp/articles/9c1a10f52bdb6073d39ef073e5d76f9bf1473353,8/24(日) 8:30
2025-08-26,07:07,life,ライフ,30,ほ・とせなNEWS,小3息子「日傘が欲しい」　→母が用意したモノに「かっこいい！」「この子は賢い」「トレンドの先駆者」,https://news.yahoo.co.jp/articles/e3d50d1cb56af3bfced53b5386e6f13e05d4d423,8/23(土) 9:00
2025-08-26,07:07,life,ライフ,31,Hint-Pot,「こうした点は日本をもう少し見習うべき」　ドイツ外務大臣が日本では当たり前の光景を絶賛　注目した点とは,https://news.yahoo.co.jp/articles/3e025e9c86c9e5fbe7fff3717ae66a35d4f77edb,8/25(月) 16:00
2025-08-26,07:07,life,ライフ,32,ねとらぼ,使わなくなったカラーボックス→くるっと横にして……　ズボラ主婦の簡単DIYに「素晴らしい」「作ってみたい！」,https://news.yahoo.co.jp/articles/201e84fc2fdedb14820a03c51e4233c3bc566a74,8/23(土) 8:00
2025-08-26,07:07,life,ライフ,33,ねとらぼ,メダカ水槽が欲しい夫→妻の反対を押し切り、DIYしたら……　3週間後“思わぬ仕上がり”に「めっちゃいいやん」「参考にします」,https://news.yahoo.co.jp/articles/77b55f7fb3c7034431765031e974b28b23313e8d,8/23(土) 19:15
2025-08-26,07:07,life,ライフ,34,ねとらぼ,「これはひどいって……」ユニクロ×ラブブ　オンラインは“約5分で完売”か　「商品を見ることすらできなかった」高額転売相次ぐ,https://news.yahoo.co.jp/articles/ad522f0647ed34af2ce79d74418497c89d645419,8/25(月) 14:56
2025-08-26,07:07,life,ライフ,35,ARTnews JAPAN,大学生が初発掘で快挙！ 開始90分で9世紀「黄金の謎の遺物」を発見,https://news.yahoo.co.jp/articles/56d2fc0759ae17baafe23a0eab26dddcaf39c7b6,8/25(月) 8:30
2025-08-26,07:07,life,ライフ,36,ねとらぼ,「一目ぼれでした」　コストコの“クーラーバッグ”セットに絶賛の声　「大容量で満足」「買い物だけでなく、アウトドアでも活躍しそう」,https://news.yahoo.co.jp/articles/8d8194e9d2a74c2a6293ec0f3363e39897f475d4,8/25(月) 20:40
2025-08-26,07:07,life,ライフ,37,ほ・とせなNEWS,6人の子を産み、お腹にコンプレックスを抱いた女性　→しかし、夫の対応に「素敵なお話で涙でました！」「良い夫婦ですね」,https://news.yahoo.co.jp/articles/ae7d8eb28c0dda0a1244174e2a593a150af99c2e,8/25(月) 9:00
2025-08-26,07:07,life,ライフ,38,ねとらぼ,母「庭のビオトープをなんとかしてほしい」→素人息子が見よう見まねでDIYしたら……　2カ月後、まさかの光景に仰天,https://news.yahoo.co.jp/articles/52999912f98b5e255531846172614abfd81e741c,8/25(月) 20:30
2025-08-26,07:07,life,ライフ,39,HugKum,「てぃ先生と藤本美貴さんに共感」「育児がデジタル化」「社会に足りないもの」令和のリアルな育児事情を徹底調査【HugKum総研】,https://news.yahoo.co.jp/articles/3f2d6dca641d9bed40e4d6e01303761dac26969e,8/25(月) 21:20
2025-08-26,07:07,life,ライフ,40,ELLE DIGITAL,40歳以上の人が断捨離すべきもの 10,https://news.yahoo.co.jp/articles/bd32ef6429661338892e8c2ab53454a386742468,8/24(日) 22:50
