scrp_date,scrp_time,genre_en,genre_jp,rank,media_jp,title,link,date_original
2025-01-04,17:07,TTL,総合,1,ENCOUNT,峯岸みなみ、結婚2年で夫婦関係が変化「やっぱ無理」　夫とすれ違いが生じた理由とは,https://news.yahoo.co.jp/articles/86ed21f327c8fec04fc6c65816cad9aa9981cbb4,1/4(土) 14:33
2025-01-04,17:07,TTL,総合,2,スポーツ報知,「えぇー！！」箱根駅伝の沿道にいた５８歳・美人女優に仰天！「沿道に大女優さんがいらしたら、びっくりします」,https://news.yahoo.co.jp/articles/8354a219371e6273952db7c4f6caed9fbe551805,1/4(土) 9:58
2025-01-04,17:07,TTL,総合,3,デイリースポーツ,３冠逃した国学院大主将の最後のあいさつに列島もらい泣き　高橋尚子さん、ともさかりえも涙　ＳＮＳ「チームへの想い、監督への想い　素敵です」,https://news.yahoo.co.jp/articles/1fa2e06e5b329eb1f771a457f343f600bca81dff,1/4(土) 13:29
2025-01-04,17:07,TTL,総合,4,デイリースポーツ,Ｂ’ｚまさか公式見解　紅白怒濤「ウルトラソウル！」→「ハイ！」か「ヘイ！」か　年始にネット大論争中　取材に意外な見解が,https://news.yahoo.co.jp/articles/eb37075e7f66ffbb7205d7c116e0f32af2d3a1e8,1/4(土) 13:40
2025-01-04,17:07,TTL,総合,5,ENCOUNT,箱根駅伝、沿道にまさかの大物女優　ファン仰天「えぇー!!」「周りの人はびっくりだったのでは」,https://news.yahoo.co.jp/articles/d6ed69dab760fdc2e0c8dce3be7f5742e7af1d6d,1/4(土) 11:02
2025-01-04,17:07,TTL,総合,6,ねとらぼ,サバの腹に「アニサキス発見ライト」を当てたら……？　衝撃の結果に「ゾワっとした」「泣きそう」と悲鳴　その後の展開を聞いた,https://news.yahoo.co.jp/articles/eba7b50c18837a85f7dfafe0bb7f4e9019d9b808,1/4(土) 8:00
2025-01-04,17:07,TTL,総合,7,RONSPO,"なぜ箱根駅伝の""超高速化""が続くのか？「理由は厚底シューズの進化だけじゃない 」2連連続V青学大の大会新記録更新に加えてシード権争いも激化",https://news.yahoo.co.jp/articles/4764fd93216028a5968f6404c6d7a1357ef21767,1/4(土) 6:30
2025-01-04,17:07,TTL,総合,8,スポニチアネックス,かまいたち・山内「はい、離婚です」夫人の“イライラスイッチ”が入った出来事は「逆鱗が…」,https://news.yahoo.co.jp/articles/30ca52782cb6ecc201e43638d4de6fc4791defae,1/4(土) 12:23
2025-01-04,17:07,TTL,総合,9,超WORLDサッカー！,“赤い彗星”東福岡が国立返り咲き！ 静岡学園に劣勢も堅守で対抗、PK戦を制してベスト4へ【全国高校サッカー選手権大会】,https://news.yahoo.co.jp/articles/57911438f0347d1c0f4e6eed5e1110215604fb5d,1/4(土) 16:09
2025-01-04,17:07,TTL,総合,10,デイリースポーツ,上沼恵美子　紅白歌合戦で「感じ悪っ！」と思った超大物芸能人の実名告白「ツーンとして」,https://news.yahoo.co.jp/articles/1977bd0aff0d42c2b4fdba08a3b4af48cfbd72fc,1/4(土) 15:14
2025-01-04,17:07,TTL,総合,11,乗りものニュース,韓国機炎上事故、通常の「再着陸」とは全く違う“特殊な飛び方” パイロットはどう判断したのか,https://news.yahoo.co.jp/articles/64529f7e6fc0407087f32be8bfdddba0f81ca94f,1/4(土) 15:42
2025-01-04,17:07,TTL,総合,12,ゲキサカ,前橋育英が優勝大会以来7年ぶりの準決勝進出!! 前回ベスト4・堀越は8強敗退に,https://news.yahoo.co.jp/articles/cf7fab2f323625a6e4caa87f63452183625aa4cc,1/4(土) 15:46
2025-01-04,17:07,TTL,総合,13,Full-Count,9億円捨てても…「最優先」だったド軍との再契約　貫いたチーム愛「金額ではなかった」,https://news.yahoo.co.jp/articles/9cc5a4c02a8f564aa7aa9bb738695c8ac06a2679,1/4(土) 14:17
2025-01-04,17:07,TTL,総合,14,デイリースポーツ,「踊る大捜査線」歳末ＳＰ放送→すみれさん恋人が無名時代の現トップ俳優「出てたのか」騒然　被害者孫は現トップ女優　クレジット脇役「ええっ？」「ひっくり返った」　犯人イカれた稲垣吾郎,https://news.yahoo.co.jp/articles/c28bd023459cad1b3f7510c108bb6b9c54c21dff,1/4(土) 15:18
2025-01-04,17:07,TTL,総合,15,Hint-Pot,「日本人には読めないフォント」「日本人は頭がおかしいのか？」　大反響を呼んだ海外での驚きの体験3選,https://news.yahoo.co.jp/articles/1b395c9f97f6a5c030b244dd88c24992901e5d27,1/4(土) 8:10
2025-01-04,17:07,TTL,総合,16,ENCOUNT,伊藤沙莉、結婚を発表　お相手は劇作家・蓬莱竜太氏「昨年、籍を入れさせていただきまして」,https://news.yahoo.co.jp/articles/4c8bc4ce6dc88a84ab8f15ef052054893fa5e468,1/4(土) 11:00
2025-01-04,17:07,TTL,総合,17,スポニチアネックス,46歳・堂本光一　時代の変化に衝撃「なんで？絶対ウソや」「怖いんですけど」　剛「光一さんの時代だと」,https://news.yahoo.co.jp/articles/4542151af16509a49f0167e6e582a4205c490eef,1/4(土) 13:41
2025-01-04,17:07,TTL,総合,18,デイリースポーツ,青学大　原監督の妻で寮母の美穂さん「終わりを迎える、後任に譲らなきゃいけない時期」にＶ８＆連覇「貴重な経験」,https://news.yahoo.co.jp/articles/fc5ad57b342b42434c5a0bfa0cc04b8080410997,1/3(金) 14:25
2025-01-04,17:07,TTL,総合,19,デイリースポーツ,藤本美貴「思春期は部屋に籠もるんだよ！」反抗期の１２歳長男とのバトル明かす　「クソババア！」も笑い飛ばす,https://news.yahoo.co.jp/articles/081770721a612de437aec7f57182129ea43f76f6,1/4(土) 13:22
2025-01-04,17:07,TTL,総合,20,日テレNEWS NNN,【箱根駅伝】青学Vメンバーが“ベネチア旅行”おねだり　原監督タジタジ「円安だからなあ今…」,https://news.yahoo.co.jp/articles/d7d53ce75ca5a6f3d99bbba15391e04097937daa,1/4(土) 14:30
2025-01-04,17:07,TTL,総合,21,朝鮮日報日本語版,最後の瞬間まで手を離さなかった機長の姿に韓国ネット涙　務安空港事故,https://news.yahoo.co.jp/articles/2203b52c90491052b9342ed66bee4cc8a78902fb,1/4(土) 11:35
2025-01-04,17:07,TTL,総合,22,ENCOUNT,両親反対も「どうしても乗りたい」　18歳の女の子が心射抜かれて…愛車は一世風靡した1台,https://news.yahoo.co.jp/articles/763e226a050136f0109d8e4ae59e3f995fbac8e0,1/4(土) 10:20
2025-01-04,17:07,TTL,総合,23,スポニチアネックス,サンド伊達が激推し「1番おいしい」餅の食べ方「まじでやってほしい」「止まらない」,https://news.yahoo.co.jp/articles/a2c60014e62e8b5a545c8db61a3fcf2cab063daa,1/4(土) 14:24
2025-01-04,17:07,TTL,総合,24,スポニチアネックス,GACKT「格付け」メンバーにまさかのクビ宣告？！「一緒は、、、もういいかなぁ。。。」,https://news.yahoo.co.jp/articles/3dd87524ab989a25559f355e956e761aadad0831,1/4(土) 15:09
2025-01-04,17:07,TTL,総合,25,日刊スポーツ,「日本を侮蔑」トレンドに　日本製鉄による買収禁止命令受けたUSスチールCEOの怒声明に反響,https://news.yahoo.co.jp/articles/e8e99e7bbb68aa99012ba7afb17f937fb155c052,1/4(土) 15:43
2025-01-04,17:07,TTL,総合,26,モデルプレス,あいみょん、一緒にクリスマス過ごした大物女優明かす「美味しいご飯作ってくれた」,https://news.yahoo.co.jp/articles/a285cdbb51e8d147f943ff869c60dde0358379f4,1/4(土) 13:46
2025-01-04,17:07,TTL,総合,27,tennis365.net,大坂なおみ 2年9ヵ月ぶりツアー決勝進出、出産後初V王手「嬉しい」「生き残ろうとした」＜女子テニス＞,https://news.yahoo.co.jp/articles/900c8fe2ddbdda679050422fc7f16c6959449456,1/4(土) 15:28
2025-01-04,17:07,TTL,総合,28,映画チャンネル,再放送NGでお蔵入り？ 高視聴率でも闇に葬られた民放ドラマ（5）大ブームが起こした悲惨な事故とは？,https://news.yahoo.co.jp/articles/130ca81322ea2b24cdc5bfef72e3fc185c07152b,1/4(土) 7:50
2025-01-04,17:07,TTL,総合,29,デイリースポーツ,【悲報】ＴＶ特番でプロ野球監督「負けたら監督辞める」余裕宣言して野球勝負→悲惨、まさか女子アナに　ネット「辞めるってよｗ」どうなる？,https://news.yahoo.co.jp/articles/23109299968a00bf1a34074eea39e4ea526e15c6,1/4(土) 13:02
2025-01-04,17:07,TTL,総合,30,ENCOUNT,箱根駅伝、9区の給水係を務めた白髪男性が「凄い人」　国民・玉木代表も驚く「なんと！お元気そうで何よりです」,https://news.yahoo.co.jp/articles/3eee5b97d6a9e694417438d7587d0c679fb3dc5e,1/3(金) 21:20
2025-01-04,17:07,TTL,総合,31,スポニチアネックス,パンサー尾形　1カ月のお小遣い告白　自由に買い物する妻に不満「自分はいいけどみたいな」,https://news.yahoo.co.jp/articles/4f2c52e7110cb7b38281a7b56b47dde0c1c9e0d6,1/4(土) 13:04
2025-01-04,17:07,TTL,総合,32,Hint-Pot,「アメリカではまず無理」「誰も盗らないことに感動」　日本の治安の良さに外国人が感激した瞬間3選,https://news.yahoo.co.jp/articles/3598a820c83df4bafccc07901e3f39221ee037c4,1/4(土) 6:10
2025-01-04,17:07,TTL,総合,33,ENCOUNT,かまいたち山内、貯金額ぶっちゃけ　相方は驚き「何かあったときどうすんの？」,https://news.yahoo.co.jp/articles/0441b6a284851fe70ae8806697c625b60895d1c5,1/4(土) 10:24
2025-01-04,17:07,TTL,総合,34,スポニチアネックス,阿部一二三＜破局＞橋本梨菜　結婚間近から一転　パリ五輪後すれ違い続き「仲たがい」,https://news.yahoo.co.jp/articles/9137834e250a81d9104266c7234b9d4c507ff380,1/4(土) 5:00
2025-01-04,17:07,TTL,総合,35,スポーツ報知,箱根駅伝優勝の青学大　１年で１度だけ選手寮で酒を飲める１月３日夜に祝杯,https://news.yahoo.co.jp/articles/0b615109870bdcff5c2bca083284e3cdf0cfc9cc,1/4(土) 14:04
2025-01-04,17:07,TTL,総合,36,ENCOUNT,川口春奈、人気俳優の膝枕で2時間熟睡　初共演で明かされた親密エピソード,https://news.yahoo.co.jp/articles/b5dbf4f9f56aa598993285236b945b938cef484b,1/4(土) 13:38
2025-01-04,17:07,TTL,総合,37,産経新聞,ロシアでユーチューブ視聴不能に　政権側が完全遮断か　「情報鎖国」進む,https://news.yahoo.co.jp/articles/dd52b761b3c17686816949027a3cc3c888f0ce4e,1/4(土) 11:00
2025-01-04,17:07,TTL,総合,38,ねとらぼ,米津玄師、紅白で“205万円衣装”着用？　星野源“1270万円ネックレス”も話題……　「凄いお値段」「びっくりした」,https://news.yahoo.co.jp/articles/053782789367699d03b2b97f7f51137423e51ce8,1/4(土) 12:15
2025-01-04,17:07,TTL,総合,39,ファイナンシャルフィールド,冬の就寝時「エアコン」は20度でつけっぱなしがベスト!? 8時間で電気代はいくらになる？ 約7割は「使用していない」と回答,https://news.yahoo.co.jp/articles/b18afa4cfc99d022442c81a842e01469cba1024d,1/4(土) 13:30
2025-01-04,17:07,TTL,総合,40,MBSニュース,【速報】世界最高齢・糸岡富子さんが死去　116歳　芦屋市在住,https://news.yahoo.co.jp/articles/ab0b546dc161c46ed487094c2af8bf7c61a80d52,1/4(土) 14:20
