scrp_date,scrp_time,genre_en,genre_jp,rank,media_jp,title,link,date_original
2024-04-30,21:32,business,経済,1,LIMO,【新NISAで積立投資】50歳が「65歳までに2000万円」達成したい…いくら積み立てれば間に合いますかね？,https://news.yahoo.co.jp/articles/f0cc956867d53b46406c8b622a309cd23bf33c60,4/30(火) 17:47
2024-04-30,21:32,business,経済,2,ファイナンシャルフィールド,59歳会社員、定年後は「再雇用」には応じず、のんびり暮らそうと思っていたのに、会社の定年が「65歳」に引き上げられてしまいました。60歳で退職すると「退職金」を減らされますか？,https://news.yahoo.co.jp/articles/2f87bec441eb45da54737f2a4416691f708c2569,4/30(火) 12:50
2024-04-30,21:32,business,経済,3,共同通信,住宅ローン、変動金利は据え置き　固定は全行が引き上げ、5月,https://news.yahoo.co.jp/articles/eb81aec214c0c34bacf65339e0e0a889170b1a5f,4/30(火) 18:42
2024-04-30,21:32,business,経済,4,日刊ゲンダイDIGITAL,岸田首相含め政務三役31人、渡航費用12.6億円！円安放置し“血税ごっつぁん”外遊三昧のア然【リスト付き】,https://news.yahoo.co.jp/articles/b744083d7b18b679227e238ad841a3ba5fbd2149,4/30(火) 11:32
2024-04-30,21:32,business,経済,5,日本農業新聞,オレンジ飲料　相次ぐ販売休止　減産で輸入果汁高騰,https://news.yahoo.co.jp/articles/efcf61ab3ce0b39d89ba6f4c50923001a749e9b1,4/30(火) 9:40
2024-04-30,21:32,business,経済,6,関西テレビ,関西電力の純利益4418億円　過去最高益なのに電気料金値上げか　専門家は「価格転嫁がある程度進む」,https://news.yahoo.co.jp/articles/3c16641f45780d96bcfe36873a1f86f29e7c6ae2,4/30(火) 18:40
2024-04-30,21:32,business,経済,7,くるまのニュース,トヨタ新型「“9人乗り”ミニバン」発表！ 最上級「VIP」は1000万円超え!? 斬新“大口顔”の商用バン「プロエース」波で発売に反響も,https://news.yahoo.co.jp/articles/005942ff292f260d07dcd2e8d7e7911bba370ea2,4/30(火) 20:10
2024-04-30,21:32,business,経済,8,ファイナンシャルフィールド,子ども名義の口座に毎年「100万円」を貯めています。成人したら渡す予定ですが「贈与税」は発生しますか？ 本人名義なら問題ないでしょうか？,https://news.yahoo.co.jp/articles/8cf87afa0c5913c69957063196a7837de3fca2a4,4/30(火) 19:11
2024-04-30,21:32,business,経済,9,LIMO,【一覧表でチェック】住民税非課税世帯、給付金の締切迫る。2024年度に新たに該当する方へ10万円の給付も,https://news.yahoo.co.jp/articles/ea45c172f7b84565a9ac6deda8d472a385a662a2,4/29(月) 5:37
2024-04-30,21:32,business,経済,10,MONEY PLUS,2024年4月1日から相続登記が義務化！ 「罰則よりも大きな影響を及ぼすもの」とは？【月間ヒット記事】,https://news.yahoo.co.jp/articles/4af04332fc8417ccbe8bacce71704d09c57632f0,4/30(火) 18:50
2024-04-30,21:32,business,経済,11,MONEY PLUS,連続増配の超優良銘柄“配当貴族”と“配当王”って？人気の5社を紹介【月間ヒット記事】,https://news.yahoo.co.jp/articles/a6bbb86849cdaafe1c97537a5036785f6f7f657e,4/30(火) 18:50
2024-04-30,21:32,business,経済,12,共同通信,大手電力、8社が最高益　燃料価格下落、値上げも寄与,https://news.yahoo.co.jp/articles/e1f24904a8daa94cab774636d68a54457183acd6,4/30(火) 19:54
2024-04-30,21:32,business,経済,13,Bloomberg,29日の為替介入は5.5兆円規模の可能性、日銀当座預金見通しが示唆,https://news.yahoo.co.jp/articles/d4c00a88467409de1df73ba0965634fa93838e31,4/30(火) 19:04
2024-04-30,21:32,business,経済,14,ファイナンシャルフィールド,知り合いが「親が亡くなったのに預貯金を引き出せない」と言っていました。私の親も高齢なので心配です。生前からなにか対策できることはありますか？,https://news.yahoo.co.jp/articles/1778ff9e8195a8567e4fe8ef6063a8990da5ce51,4/30(火) 19:20
2024-04-30,21:32,business,経済,15,ファイナンシャルフィールド,定年退職時（60代）に貯蓄が「ゼロ」の人は日本にどれくらいいる？老後に考えられるリスクとは？,https://news.yahoo.co.jp/articles/573cb8faa438c4e11ac0a82ae4cda3268de3ac9f,4/29(月) 17:10
2024-04-30,21:32,business,経済,16,GetNavi web,「ポイント経済圏」の一部になる未来も近い？コンビニATMがいま再注目のワケ,https://news.yahoo.co.jp/articles/106eed6a794c855b1b138bda4933479dc8088e75,4/30(火) 20:10
2024-04-30,21:32,business,経済,17,くるまのニュース,日産「新型エルグランド“VIP”」発表！ めちゃ豪華内装の「“4席”仕様」に注目集まる！ 800万円超えの「V6超高級ミニバン」とは,https://news.yahoo.co.jp/articles/9d7d447ae999f738d1645cf5646ddea1615257a0,4/30(火) 19:10
2024-04-30,21:32,business,経済,18,LIMO,【国家公務員】公務員の5人に1人は生活苦。でも退職金「2000万円もらえる」なら安泰じゃないですか？,https://news.yahoo.co.jp/articles/25dae8e4a468e718e93c00c30f97b1e44a523a81,4/29(月) 17:41
2024-04-30,21:32,business,経済,19,ファイナンシャルフィールド,来年高校生になる子どもがいます。児童手当が高校生まで支給されても、扶養控除が縮小されたら手取りは変わらないのでしょうか？,https://news.yahoo.co.jp/articles/7eb6e346a467eb521518a1406a3ad4ff8fe1a19a,4/30(火) 15:40
2024-04-30,21:32,business,経済,20,MONEY PLUS,【新NISA】オルカン以外の選択肢は何がある？ 成長投資枠の使い道【月間ヒット記事】,https://news.yahoo.co.jp/articles/303be6fdc6ec73d14aeb434d6bf824f5f3ac77ba,4/30(火) 18:50
2024-04-30,21:32,business,経済,21,くるまのニュース,近畿の”空白地帯”に新たな高速「名神名阪連絡道路」実現へ進行中！ 酷道だらけの「滋賀～三重～奈良」に夢の南北軸 現在の状況は？,https://news.yahoo.co.jp/articles/ef4369adbe13950915bb558ec4b314e3cc0f7c72,4/30(火) 16:40
2024-04-30,21:32,business,経済,22,LIMO,【新NISA】つみたて投資枠上限「毎月10万円」で60歳までにいくら増える？40歳・50歳からの積立投資シミュレーション結果,https://news.yahoo.co.jp/articles/4e06d7806d635e9fcee30ee6ca09a7370d46c2a2,4/30(火) 20:47
2024-04-30,21:32,business,経済,23,ファイナンシャルフィールド,家を建てたいのですが、3年前にクレジットカードの支払いを1ヶ月滞納してしまいました… ローンは組めないのでしょうか？,https://news.yahoo.co.jp/articles/1e1d377909a159bafe6747f435392ae8a89174b1,4/30(火) 19:31
2024-04-30,21:32,business,経済,24,くるまのニュース,右折待ち大渋滞に特効薬!? 逆転の発想「反転交差点」に反響多数 「正面衝突なし＆合流なし」夢の新構造って一体どんなメカニズムなの!?,https://news.yahoo.co.jp/articles/5637f62c3abb4258fa6a6f0e270d1796a0f452ef,4/29(月) 7:10
2024-04-30,21:32,business,経済,25,くるまのニュース,なぜヘッドライトは「黄ばむ」のか!? なんか「暗く」なった？ ライトがめちゃ「くすんでる」理由とは,https://news.yahoo.co.jp/articles/42be1993da28a6289ecb727289cc9a804fe03870,4/30(火) 14:10
2024-04-30,21:32,business,経済,26,J-CASTニュース,円相場の急落は政府日銀の「覆面介入」だったのか？　そして今後の「円安進展」対応どうなる／第一生命経済研究所・熊野英生さん解説,https://news.yahoo.co.jp/articles/e68ccd9e1d95d0a556973d185e7ef8d9aca52b28,4/30(火) 19:44
2024-04-30,21:32,business,経済,27,ファイナンシャルフィールド,30歳で「年収400万円」です。同期が「ヤリスクロスを現金一括で買った」と自慢していました。同じ年収だと思うのですが、家計的に問題ないのでしょうか？ 自分でも買えますか？,https://news.yahoo.co.jp/articles/a1c470480ad2c3274001c88169a65c1b047830cd,4/30(火) 11:40
2024-04-30,21:32,business,経済,28,Bloomberg,住友化学、国内外で約4000人削減へ－業績悪化でリストラや事業売却,https://news.yahoo.co.jp/articles/e99803bb7b08e5e0ee76615e967ed1c8e253b8bb,4/30(火) 11:31
2024-04-30,21:32,business,経済,29,くるまのニュース,マツダ新型「ロードスター”最強形態”」実車公開！ まさかの「2.0リッターエンジン」搭載車！ 爆速仕様＆技術結集の「スピリットRS」登場,https://news.yahoo.co.jp/articles/e97ab5a8f8203e2a822ef2ee7643b61726de7b54,4/30(火) 21:10
2024-04-30,21:32,business,経済,30,ファイナンシャルフィールド,来年2人目を出産予定です。夫に1年間育休を取ってほしいのですが、育休手当だけで生活できるか不安です。現実的に難しいのでしょうか？,https://news.yahoo.co.jp/articles/8daae5cb206f8d613228acbfe1708680fbf39d9b,4/30(火) 19:10
2024-04-30,21:32,business,経済,31,テレビ朝日系（ANN）,「外食高すぎ」“安らぎ”のランチタイムに影…　円安・物価高で店や弁当組にも影響,https://news.yahoo.co.jp/articles/cb08417c470d439336af8cca0eda09b0d5f6de2b,4/23(火) 13:33
2024-04-30,21:32,business,経済,32,共同通信,住友化学、過去最大の赤字に　3120億円、医薬で損失,https://news.yahoo.co.jp/articles/8a6fc19d2befebeb75749f55758dcb62fc8bf69e,4/30(火) 11:11
2024-04-30,21:32,business,経済,33,LIMO,3COINSの「ウォーターボトルやペットボトルクーラー」がかわいすぎる！,https://news.yahoo.co.jp/articles/3462a3a0a2bb7c39d2f87785fd5e4468795ff58d,4/30(火) 20:47
2024-04-30,21:32,business,経済,34,乗りものニュース,祖国のために機体ごと脱走！ 独立を支えたMiG-21がついに退役へ「ラファール」就役で クロアチア,https://news.yahoo.co.jp/articles/cba95a38183949eaf1eb2114452ddcceaa80b88b,4/30(火) 18:12
2024-04-30,21:32,business,経済,35,LIMO,【6月支給分から】「厚生年金と国民年金」は増額改定。6月送付の「年金振込通知書」の内容をチェック,https://news.yahoo.co.jp/articles/fe1ffa6f4ac3a5cca4f6ccd16a65b8ba6bdcd895,4/29(月) 5:02
2024-04-30,21:32,business,経済,36,ファイナンシャルフィールド,医療費控除は確定申告の期限を過ぎても申告できると聞きました。申告をしたら還付金はいつ振り込まれるのでしょうか？,https://news.yahoo.co.jp/articles/12b6d3ae60d523ebb13a679d3282575bb7701920,4/30(火) 17:10
2024-04-30,21:32,business,経済,37,夕刊フジ,政府・日銀が踏み切った「覆面介入」の賞味期限　続く投機筋との攻防　円売り躊躇を企てるも効果は限定的　相場は米国の政策次第に,https://news.yahoo.co.jp/articles/73c69c07f2152e8ba935e7796bb4d0a5980829f2,4/30(火) 17:00
2024-04-30,21:32,business,経済,38,BUSINESS INSIDER JAPAN,旅行プランナーがお薦めする、2024年に行きたい最高のオールインクルーシブな旅（海外）,https://news.yahoo.co.jp/articles/5e382e0ae1bc303a3ecb0d666eb8404da5323905,4/30(火) 20:00
2024-04-30,21:32,business,経済,39,産経新聞,３４年ぶりの円安水準で注目される「リパトリ減税」導入、６月の骨太方針に明記の可能性も,https://news.yahoo.co.jp/articles/360cceb8f95da99dbf2e5684e79a21e538b3e8ad,4/30(火) 17:35
2024-04-30,21:32,business,経済,40,朝日新聞デジタル,住友化学、「危機レベル」過去最悪の赤字見通し　人員4千人削減へ,https://news.yahoo.co.jp/articles/9fe4feea66f353fc7a7274f7da1bccc0a5a5b468,4/30(火) 20:42
